id,nanswers
"328","13"
"1284","8"
"2688","11"
"5611","6"
"11762","9"
"16861","7"
"20227","5"
"23270","4"
"25546","11"
"25999","10"
"31882","8"
"34638","2"
"38838","13"
"39929","2"
"41220","10"
"44391","12"
"47262","2"
"49226","6"
"49473","2"
"54200","4"
"55010","5"
"55556","11"
"59022","14"
"59656","13"
"61057","2"
"64258","2"
"64631","7"
"66870","5"
"76408","12"
"76581","2"
"78380","3"
"80291","2"
"89285","4"
"91304","5"
"92561","13"
"93451","7"
"93771","1"
"96624","13"
"97765","9"
"98026","5"
"102788","8"
"103203","4"
"106001","6"
"111763","5"
"113090","6"
"113526","6"
"119926","5"
"121354","1"
"134988","3"
"135802","9"
"136219","1"
"136837","7"
"137254","2"
"139199","18"
"139483","1"
"141399","3"
"142431","2"
"145540","11"
"146520","1"
"148068","3"
"148964","5"
"149876","1"
"152093","1"
"153461","3"
"154242","1"
"154844","5"
"155400","1"
"159282","2"
"162764","4"
"172486","5"
"172739","6"
"175309","4"
"184319","2"
"185149","3"
"185211","11"
"185262","13"
"187736","10"
"188491","15"
"195175","3"
"195648","11"
"195717","8"
"196177","3"
"196845","4"
"200545","6"
"204440","5"
"205153","3"
"210069","2"
"210490","4"
"210820","3"
"211001","6"
"211099","6"
"211483","3"
"214431","4"
"216069","1"
"228476","4"
"228577","4"
"232500","5"
"234590","1"
"241953","4"
"243995","2"
"244952","7"
"245600","3"
"247304","10"
"253238","3"
"258299","11"
"258889","2"
"258994","6"
"266255","21"
"266606","2"
"269253","6"
"270010","1"
"272112","2"
"272806","3"
"274560","11"
"278571","4"
"279418","3"
"281970","1"
"284163","5"
"284796","1"
"286938","5"
"287517","16"
"292276","1"
"295628","7"
"297498","2"
"298535","6"
"299475","3"
"300582","6"
"300933","3"
"301948","3"
"302357","3"
"304616","4"
"306668","9"
"306703","1"
"308756","3"
"313730","5"
"321061","2"
"321787","7"
"325587","4"
"331468","4"
"332833","2"
"335888","5"
"336057","11"
"341271","12"
"343078","2"
"343488","3"
"344719","6"
"347238","9"
"348109","16"
"350697","5"
"353698","2"
"353968","1"
"360348","3"
"362401","2"
"365495","3"
"368329","7"
"373071","3"
"374748","1"
"375390","16"
"380772","2"
"381890","5"
"382386","1"
"388699","5"
"390359","4"
"396164","7"
"396324","5"
"398179","3"
"403174","5"
"403489","8"
"411410","4"
"412184","2"
"412969","4"
"413137","7"
"413626","4"
"413802","10"
"416856","3"
"420843","10"
"421848","3"
"430386","7"
"433558","6"
"433707","4"
"438142","1"
"438704","3"
"439870","14"
"441052","1"
"442862","6"
"442995","3"
"443411","3"
"446501","2"
"448431","2"
"448963","14"
"450160","3"
"451623","7"
"454368","5"
"458647","2"
"465180","6"
"466506","5"
"466672","6"
"466737","9"
"467391","7"
"468288","14"
"471257","4"
"474259","4"
"479233","16"
"479838","1"
"491930","1"
"492340","4"
"497156","6"
"498630","7"
"499418","8"
"511396","3"
"516802","3"
"519781","6"
"523627","3"
"524676","2"
"524778","2"
"524908","4"
"525734","5"
"527360","2"
"527973","2"
"529997","3"
"534664","4"
"535175","1"
"537989","6"
"539812","5"
"541517","6"
"542149","3"
"544433","8"
"547049","1"
"551406","2"
"553485","2"
"557746","8"
"558360","8"
"559600","4"
"564221","23"
"565425","9"
"568924","3"
"571669","2"
"578679","4"
"579130","5"
"581655","3"
"585919","3"
"587301","5"
"588327","6"
"592238","2"
"592523","7"
"593086","2"
"596004","1"
"597788","5"
"600349","1"
"602539","10"
"603271","3"
"604290","3"
"604718","7"
"604978","5"
"605589","2"
"606179","13"
"611471","2"
"616421","2"
"625720","1"
"625768","4"
"627918","7"
"631661","2"
"636947","1"
"637090","8"
"637126","1"
"639125","2"
"641713","3"
"641875","2"
"642515","3"
"642673","5"
"643445","6"
"654758","6"
"663768","1"
"664673","7"
"668958","1"
"669295","4"
"669849","2"
"672506","2"
"674703","1"
"675172","4"
"675380","3"
"682698","1"
"685470","1"
"687059","4"
"690473","4"
"691276","3"
"693786","1"
"694057","4"
"695813","3"
"699379","3"
"701801","6"
"703450","3"
"703856","4"
"704194","6"
"707266","5"
"708965","2"
"709580","3"
"718190","2"
"718611","1"
"726837","1"
"727812","3"
"729041","8"
"733692","6"
"735001","4"
"738776","4"
"740584","2"
"742089","5"
"747394","6"
"747866","3"
"748320","3"
"752890","1"
"759069","2"
"761588","3"
"762221","6"
"763316","1"
"764533","8"
"767010","4"
"769634","1"
"770164","1"
"771315","8"
"773622","2"
"775702","3"
"775924","3"
"777305","1"
"780214","4"
"782785","8"
"785016","9"
"785574","2"
"786093","5"
"786139","1"
"786651","3"
"788834","1"
"795553","4"
"798615","3"
"801458","4"
"802879","3"
"805141","3"
"806739","3"
"807943","1"
"815297","5"
"815563","1"
"815740","7"
"816882","5"
"820645","1"
"822638","3"
"823184","2"
"824822","2"
"827989","2"
"839479","9"
"847377","3"
"851093","1"
"852187","2"
"852453","1"
"858678","8"
"858773","6"
"861781","3"
"862419","2"
"868078","1"
"868482","7"
"869361","4"
"877317","3"
"877727","0"
"878538","5"
"879017","1"
"883371","8"
"883499","3"
"885540","2"
"887100","2"
"890447","1"
"890907","7"
"895385","1"
"895586","8"
"898148","3"
"898319","7"
"899947","3"
"900115","1"
"901639","17"
"903770","4"
"906910","1"
"908726","3"
"909750","2"
"910465","21"
"915786","4"
"915811","5"
"918004","1"
"921550","5"
"929744","8"
"929746","2"
"932793","2"
"938765","1"
"939159","5"
"942139","4"
"945015","9"
"946141","2"
"948177","3"
"951477","2"
"952847","1"
"958331","1"
"960190","2"
"964324","7"
"965987","2"
"966587","2"
"967181","2"
"967762","1"
"970600","6"
"981226","1"
"982616","2"
"985199","1"
"994232","3"
"994371","6"
"995379","3"
"999328","1"
"1000347","2"
"1007065","4"
"1008601","3"
"1010518","2"
"1013581","8"
"1015697","4"
"1018292","7"
"1019204","2"
"1020320","7"
"1026483","22"
"1026965","5"
"1028010","4"
"1031772","6"
"1032212","1"
"1035283","7"
"1035342","9"
"1037798","1"
"1040679","1"
"1042904","3"
"1043735","4"
"1045245","5"
"1046234","2"
"1046635","3"
"1047207","1"
"1048537","3"
"1053316","3"
"1055460","5"
"1059603","1"
"1061063","3"
"1063049","2"
"1067864","1"
"1071106","2"
"1074932","4"
"1080468","4"
"1085236","3"
"1085764","3"
"1085860","2"
"1087591","9"
"1090999","4"
"1095250","2"
"1100299","1"
"1102726","1"
"1103200","1"
"1106049","4"
"1108364","7"
"1108937","4"
"1109041","4"
"1109277","5"
"1109731","1"
"1110152","10"
"1114229","3"
"1121222","2"
"1121378","1"
"1122337","3"
"1125527","4"
"1128504","2"
"1129639","3"
"1130687","3"
"1131210","4"
"1133519","3"
"1133724","5"
"1134848","2"
"1135186","13"
"1146059","3"
"1146274","6"
"1146810","7"
"1147830","3"
"1150725","1"
"1151802","1"
"1155660","4"
"1161977","6"
"1162258","1"
"1162484","1"
"1162584","1"
"1163319","4"
"1164118","1"
"1166952","6"
"1167525","1"
"1168052","2"
"1168983","5"
"1170185","1"
"1171206","3"
"1172709","5"
"1180030","6"
"1181421","9"
"1184789","2"
"1188798","3"
"1197191","2"
"1200132","4"
"1201651","3"
"1202508","1"
"1210864","2"
"1211487","1"
"1211552","1"
"1211638","4"
"1212563","4"
"1214011","4"
"1216640","1"
"1220751","7"
"1222249","2"
"1225528","8"
"1226513","1"
"1228439","3"
"1228924","5"
"1229588","2"
"1230801","1"
"1233622","3"
"1236481","1"
"1240718","5"
"1240852","24"
"1241943","1"
"1242925","1"
"1243259","1"
"1244486","2"
"1245387","2"
"1248575","3"
"1249902","3"
"1250332","4"
"1253059","1"
"1259561","3"
"1261021","6"
"1262758","2"
"1265969","3"
"1266145","2"
"1267122","3"
"1269290","2"
"1270122","3"
"1275196","8"
"1278400","1"
"1279325","8"
"1281652","1"
"1283476","4"
"1285832","4"
"1286837","1"
"1290975","6"
"1293905","3"
"1295346","2"
"1296234","4"
"1299315","2"
"1300890","4"
"1302854","5"
"1303305","2"
"1307204","3"
"1314213","6"
"1315221","4"
"1317748","1"
"1317824","1"
"1321466","5"
"1321508","5"
"1324829","4"
"1326858","3"
"1332934","1"
"1334675","1"
"1338001","9"
"1339673","4"
"1347661","1"
"1347810","2"
"1349474","4"
"1349938","1"
"1358836","2"
"1359939","2"
"1359973","4"
"1366383","2"
"1367065","4"
"1372243","4"
"1373813","2"
"1374701","1"
"1375017","1"
"1383845","3"
"1386978","2"
"1391532","1"
"1391745","1"
"1392876","2"
"1394467","4"
"1396435","4"
"1401263","3"
"1401727","3"
"1402380","10"
"1402770","2"
"1408727","1"
"1409858","3"
"1411831","3"
"1415113","8"
"1415673","2"
"1419340","3"
"1422730","2"
"1426179","3"
"1426570","6"
"1431842","4"
"1432196","1"
"1432647","4"
"1433885","1"
"1438905","2"
"1443400","3"
"1447045","1"
"1447499","3"
"1451224","1"
"1453540","7"
"1453765","3"
"1455410","1"
"1461456","1"
"1462375","1"
"1465356","2"
"1468462","2"
"1473324","2"
"1475489","3"
"1475991","4"
"1477654","3"
"1479769","1"
"1486205","2"
"1487439","7"
"1489663","5"
"1490035","1"
"1490946","7"
"1492118","4"
"1493004","1"
"1493023","4"
"1495683","3"
"1496996","1"
"1498342","4"
"1502781","3"
"1511871","1"
"1512999","3"
"1514545","4"
"1519086","4"
"1521704","1"
"1524330","12"
"1525378","11"
"1533874","1"
"1534689","1"
"1552096","2"
"1553178","4"
"1555189","3"
"1555228","5"
"1557487","1"
"1561174","6"
"1562306","1"
"1563497","4"
"1563601","5"
"1565533","1"
"1570422","13"
"1571703","3"
"1577081","2"
"1579670","1"
"1581814","3"
"1582334","2"
"1582511","2"
"1587806","2"
"1588691","7"
"1593373","3"
"1596723","3"
"1597074","1"
"1601560","1"
"1601961","2"
"1602894","4"
"1605278","1"
"1606192","1"
"1607075","11"
"1608703","1"
"1608706","7"
"1609899","7"
"1612177","8"
"1614196","2"
"1615252","2"
"1615792","12"
"1620146","1"
"1624963","1"
"1625145","2"
"1626163","2"
"1629066","1"
"1632351","2"
"1633046","5"
"1633549","5"
"1634875","3"
"1636176","4"
"1640223","4"
"1646822","3"
"1647270","1"
"1648078","1"
"1648464","7"
"1648618","14"
"1648665","6"
"1649314","2"
"1656190","3"
"1660186","4"
"1665472","1"
"1665637","4"
"1666056","3"
"1668353","3"
"1678555","9"
"1681660","2"
"1683843","20"
"1687893","1"
"1692100","2"
"1695973","7"
"1696663","2"
"1703815","1"
"1707555","1"
"1709441","1"
"1709970","4"
"1712855","2"
"1714640","3"
"1717774","3"
"1718388","6"
"1720564","2"
"1724598","1"
"1724939","1"
"1727329","5"
"1727919","7"
"1731160","5"
"1731313","3"
"1732724","1"
"1735374","3"
"1741375","2"
"1744282","1"
"1750163","1"
"1750214","14"
"1750736","8"
"1753028","2"
"1757858","2"
"1759713","1"
"1759809","3"
"1761744","2"
"1762189","4"
"1763099","7"
"1770942","5"
"1770974","9"
"1771040","1"
"1772071","1"
"1773179","1"
"1774469","3"
"1780884","2"
"1781905","4"
"1786140","1"
"1789709","4"
"1791288","9"
"1793026","8"
"1793979","4"
"1795099","3"
"1795938","1"
"1798157","5"
"1798747","2"
"1798872","1"
"1799384","4"
"1801579","10"
"1801842","2"
"1805843","2"
"1805940","2"
"1812510","2"
"1812891","12"
"1813352","4"
"1823536","4"
"1824184","4"
"1827725","1"
"1832275","3"
"1833712","4"
"1835896","1"
"1837432","19"
"1838215","2"
"1841595","9"
"1842441","1"
"1846889","2"
"1850251","1"
"1850297","2"
"1850562","4"
"1851293","4"
"1856064","3"
"1859410","1"
"1859441","1"
"1859583","3"
"1860659","5"
"1865569","1"
"1869588","2"
"1870154","2"
"1871774","2"
"1874283","4"
"1874849","3"
"1882258","1"
"1888984","3"
"1892238","2"
"1903623","2"
"1903755","1"
"1905112","3"
"1905246","2"
"1908980","10"
"1913068","2"
"1915134","1"
"1915282","2"
"1915797","1"
"1927380","2"
"1928810","3"
"1934202","2"
"1936146","2"
"1943589","2"
"1945383","3"
"1945741","8"
"1947177","1"
"1949078","4"
"1955767","2"
"1956807","2"
"1958110","3"
"1958150","1"
"1958513","3"
"1958710","2"
"1960530","1"
"1967181","3"
"1967578","7"
"1970877","3"
"1971091","1"
"1971924","1"
"1977237","7"
"1989783","5"
"1990722","1"
"1993267","2"
"1993651","1"
"1993756","5"
"1994071","3"
"1994182","2"
"1999029","2"
"2003466","2"
"2004817","2"
"2010886","2"
"2011073","2"
"2011395","2"
"2016250","4"
"2016883","2"
"2018151","8"
"2018479","1"
"2021263","5"
"2023102","2"
"2023854","6"
"2024968","3"
"2025086","1"
"2030183","2"
"2034885","2"
"2035803","1"
"2037021","3"
"2037247","2"
"2041055","1"
"2045445","3"
"2046786","2"
"2051632","3"
"2055684","2"
"2057164","4"
"2061678","1"
"2062669","5"
"2064808","4"
"2065045","6"
"2065111","1"
"2066231","2"
"2066782","1"
"2067872","1"
"2074094","3"
"2074282","1"
"2077477","3"
"2081940","1"
"2085286","1"
"2085829","4"
"2087920","2"
"2090765","5"
"2092590","3"
"2096331","0"
"2098233","3"
"2101498","4"
"2106517","4"
"2109451","4"
"2113463","5"
"2117248","4"
"2117732","7"
"2118180","1"
"2120028","2"
"2121798","1"
"2123641","1"
"2124746","0"
"2125781","3"
"2125795","2"
"2127771","5"
"2131252","8"
"2135081","15"
"2136817","2"
"2143448","4"
"2144213","3"
"2148758","5"
"2150623","2"
"2150703","6"
"2151413","4"
"2152017","1"
"2152985","2"
"2155180","3"
"2155573","1"
"2157272","2"
"2160232","2"
"2161245","1"
"2164759","2"
"2171675","3"
"2175714","3"
"2177568","3"
"2177996","1"
"2179085","3"
"2184054","3"
"2185103","2"
"2185479","3"
"2187103","4"
"2192774","2"
"2192948","4"
"2194478","1"
"2194731","1"
"2195553","1"
"2196108","3"
"2199638","2"
"2199997","3"
"2204017","1"
"2204033","4"
"2210948","1"
"2218879","3"
"2218924","1"
"2223759","2"
"2226444","3"
"2226831","1"
"2228407","1"
"2231963","1"
"2232171","2"
"2233015","5"
"2236363","4"
"2237936","1"
"2238128","3"
"2240280","2"
"2242193","1"
"2242210","4"
"2243239","3"
"2243334","6"
"2244796","1"
"2244819","2"
"2246956","2"
"2249528","1"
"2249661","1"
"2253061","2"
"2253396","5"
"2254168","1"
"2256408","4"
"2256495","2"
"2258507","1"
"2266721","8"
"2266724","2"
"2268985","2"
"2274836","5"
"2280916","3"
"2281476","4"
"2282541","1"
"2285789","3"
"2287936","4"
"2288808","2"
"2289225","2"
"2291176","2"
"2295786","7"
"2298018","5"
"2298439","2"
"2298853","1"
"2299399","1"
"2301457","3"
"2308895","6"
"2312051","4"
"2312117","1"
"2312857","1"
"2313020","1"
"2314345","2"
"2322366","5"
"2324721","1"
"2326649","2"
"2329371","3"
"2329499","4"
"2329609","5"
"2338641","4"
"2339106","2"
"2343011","2"
"2347802","2"
"2351698","4"
"2352724","2"
"2354125","1"
"2356080","3"
"2358244","3"
"2359931","2"
"2364424","3"
"2364563","2"
"2365541","2"
"2366983","3"
"2368009","1"
"2368312","1"
"2368356","2"
"2369663","1"
"2370200","1"
"2377402","1"
"2378513","1"
"2378549","1"
"2379851","1"
"2381329","2"
"2384511","1"
"2384718","1"
"2385320","1"
"2386354","3"
"2386884","4"
"2388574","4"
"2390224","4"
"2390774","2"
"2392061","3"
"2392638","1"
"2396884","1"
"2398946","1"
"2401059","2"
"2402970","1"
"2405487","1"
"2407616","4"
"2411096","3"
"2412532","4"
"2414023","1"
"2414091","0"
"2415544","1"
"2415585","3"
"2416736","1"
"2420122","8"
"2426937","5"
"2429855","1"
"2430109","6"
"2437418","1"
"2437484","2"
"2441978","2"
"2442264","6"
"2442518","2"
"2446267","3"
"2448303","6"
"2448937","1"
"2449263","2"
"2451068","1"
"2453648","1"
"2454715","3"
"2456123","8"
"2459792","2"
"2460292","3"
"2463251","2"
"2468606","3"
"2468798","2"
"2474596","4"
"2476436","3"
"2477862","3"
"2481862","3"
"2487348","2"
"2488089","3"
"2490810","2"
"2492930","2"
"2495570","1"
"2496209","2"
"2496398","3"
"2497082","1"
"2497503","3"
"2498978","2"
"2499499","2"
"2499922","1"
"2503433","6"
"2508980","3"
"2511009","3"
"2511013","1"
"2515834","2"
"2515948","4"
"2517735","2"
"2518304","3"
"2518885","1"
"2520224","2"
"2520560","8"
"2521922","2"
"2523026","1"
"2525625","2"
"2525770","5"
"2525773","3"
"2530621","3"
"2531752","6"
"2532668","3"
"2532983","4"
"2536098","1"
"2543296","1"
"2543881","5"
"2544235","1"
"2544660","1"
"2550589","5"
"2551368","1"
"2551803","3"
"2555962","2"
"2559255","5"
"2561517","6"
"2562662","1"
"2564334","4"
"2565396","4"
"2566918","2"
"2567890","2"
"2569776","2"
"2570489","3"
"2571620","4"
"2575131","4"
"2580473","2"
"2581488","4"
"2582701","2"
"2583203","6"
"2584401","4"
"2586426","9"
"2589882","2"
"2591031","1"
"2593807","8"
"2599682","4"
"2601761","2"
"2603363","9"
"2604271","4"
"2607613","3"
"2608743","9"
"2612049","1"
"2612432","1"
"2619178","1"
"2621116","1"
"2630076","2"
"2631527","1"
"2635871","4"
"2636242","1"
"2639755","1"
"2641768","2"
"2642046","4"
"2643157","7"
"2644204","4"
"2644261","2"
"2645464","5"
"2646863","6"
"2648204","2"
"2650632","2"
"2651599","6"
"2652573","7"
"2653180","4"
"2656765","4"
"2660576","2"
"2662292","1"
"2665731","1"
"2666663","1"
"2666839","1"
"2669231","3"
"2669375","1"
"2669690","8"
"2671544","2"
"2672373","1"
"2675506","1"
"2677199","1"
"2677928","2"
"2679061","2"
"2681292","1"
"2681401","3"
"2681505","1"
"2683969","2"
"2688980","3"
"2689710","4"
"2696482","4"
"2698911","1"
"2699099","4"
"2702188","1"
"2705667","3"
"2705736","5"
"2709568","7"
"2712416","1"
"2713401","2"
"2714155","5"
"2714158","3"
"2714413","2"
"2715421","4"
"2716394","5"
"2717304","2"
"2717653","4"
"2718099","1"
"2722943","5"
"2727427","1"
"2729468","3"
"2729655","2"
"2731091","3"
"2733055","3"
"2733701","3"
"2734611","2"
"2742990","2"
"2743351","4"
"2743796","2"
"2745058","4"
"2747257","1"
"2758869","3"
"2763233","2"
"2765293","1"
"2768017","8"
"2769992","6"
"2771732","8"
"2771796","6"
"2772578","1"
"2773441","1"
"2776038","1"
"2776680","1"
"2777695","4"
"2778915","1"
"2780169","3"
"2780315","1"
"2781485","1"
"2784513","6"
"2784772","2"
"2785024","1"
"2793256","2"
"2793989","2"
"2795723","4"
"2795748","3"
"2796348","3"
"2796996","5"
"2797590","1"
"2804037","1"
"2806682","4"
"2806729","1"
"2808568","1"
"2813871","4"
"2814836","2"
"2815860","5"
"2817532","2"
"2817980","1"
"2820831","7"
"2821736","5"
"2833018","3"
"2841399","6"
"2844438","1"
"2844569","1"
"2845476","1"
"2846810","1"
"2852387","2"
"2853889","8"
"2856248","4"
"2856329","3"
"2864628","2"
"2866331","1"
"2869404","2"
"2869582","5"
"2871913","2"
"2876526","2"
"2876774","4"
"2877345","1"
"2878605","1"
"2879440","2"
"2882763","2"
"2884731","3"
"2886516","1"
"2886566","4"
"2886785","2"
"2892585","1"
"2893224","2"
"2893499","5"
"2893769","1"
"2894187","3"
"2894466","5"
"2895471","2"
"2896545","1"
"2897878","3"
"2899209","14"
"2899631","2"
"2903361","1"
"2905349","7"
"2908320","2"
"2910178","0"
"2912240","1"
"2913618","5"
"2924627","1"
"2926984","0"
"2927636","1"
"2928172","4"
"2928187","3"
"2928752","2"
"2929383","5"
"2938757","2"
"2940010","4"
"2942030","2"
"2942240","5"
"2942433","2"
"2944194","2"
"2944359","3"
"2951738","2"
"2957986","1"
"2962263","3"
"2963232","1"
"2964887","2"
"2966252","2"
"2967269","1"
"2968891","2"
"2969768","1"
"2972713","1"
"2973551","5"
"2973820","2"
"2976496","3"
"2978976","2"
"2979173","2"
"2979482","1"
"2983318","2"
"2984660","7"
"2985600","3"
"2992057","4"
"2992411","1"
"2992961","4"
"2994235","2"
"2999451","1"
"2999987","3"
"3000671","5"
"3001800","0"
"3002828","2"
"3003396","4"
"3004604","4"
"3005404","2"
"3007436","2"
"3009015","3"
"3009988","6"
"3012465","1"
"3015222","0"
"3016467","3"
"3018278","3"
"3020102","2"
"3021970","7"
"3022446","2"
"3022529","1"
"3023270","2"
"3023561","3"
"3023664","4"
"3026239","1"
"3026293","1"
"3027273","2"
"3031001","1"
"3033497","3"
"3037195","3"
"3037243","7"
"3041210","2"
"3050703","1"
"3055166","1"
"3056150","4"
"3058173","1"
"3062838","1"
"3063126","1"
"3064838","3"
"3065974","1"
"3066225","3"
"3071572","1"
"3077298","2"
"3080134","0"
"3080896","6"
"3080976","6"
"3085760","5"
"3087049","4"
"3087095","4"
"3088857","3"
"3091366","1"
"3093606","1"
"3094222","5"
"3094733","1"
"3097536","1"
"3107625","4"
"3108067","1"
"3111703","1"
"3117999","5"
"3118876","2"
"3121740","3"
"3122674","1"
"3128923","3"
"3128980","2"
"3129750","1"
"3132501","3"
"3134581","1"
"3134905","1"
"3138745","2"
"3140011","1"
"3140650","2"
"3142279","1"
"3142935","1"
"3147865","1"
"3148594","2"
"3151057","1"
"3156710","4"
"3157472","6"
"3158194","2"
"3159227","6"
"3161377","2"
"3163276","2"
"3164550","2"
"3166792","3"
"3171759","1"
"3172232","4"
"3173291","4"
"3177398","1"
"3178606","2"
"3183868","3"
"3186056","2"
"3187166","3"
"3187812","1"
"3188825","2"
"3189239","6"
"3190742","2"
"3194632","4"
"3198374","1"
"3199577","3"
"3206622","14"
"3211764","3"
"3216957","2"
"3217683","1"
"3221710","2"
"3221788","3"
"3223215","1"
"3223852","2"
"3225168","2"
"3227840","4"
"3230860","2"
"3234145","2"
"3242898","2"
"3249532","2"
"3250372","4"
"3251723","3"
"3256178","1"
"3256917","1"
"3259822","4"
"3260310","1"
"3263664","3"
"3266527","1"
"3267632","3"
"3267883","5"
"3268103","1"
"3269058","2"
"3278341","4"
"3284277","1"
"3285489","2"
"3290283","1"
"3290851","1"
"3291295","1"
"3293116","1"
"3294498","2"
"3294862","3"
"3297030","2"
"3297158","1"
"3299951","13"
"3305378","3"
"3306367","3"
"3307597","1"
"3308781","1"
"3311532","3"
"3312252","1"
"3312958","3"
"3320363","6"
"3322166","4"
"3329449","2"
"3331195","3"
"3334524","3"
"3335842","1"
"3337411","2"
"3337672","1"
"3342485","1"
"3344170","8"
"3350933","1"
"3351285","3"
"3352192","3"
"3352480","3"
"3354242","7"
"3356576","7"
"3358149","3"
"3360455","2"
"3362190","0"
"3364797","4"
"3366020","4"
"3368678","2"
"3370952","2"
"3371829","2"
"3377939","5"
"3380158","6"
"3383039","2"
"3385404","3"
"3386417","2"
"3388379","6"
"3388818","8"
"3391199","1"
"3393314","2"
"3393356","1"
"3397442","3"
"3402498","0"
"3404421","16"
"3405775","2"
"3407021","0"
"3410526","2"
"3411818","3"
"3417753","4"
"3419097","2"
"3419717","1"
"3420738","3"
"3421309","5"
"3427460","6"
"3431964","3"
"3431985","2"
"3432577","3"
"3434974","1"
"3436376","20"
"3437593","1"
"3442575","2"
"3443645","5"
"3444310","3"
"3447869","2"
"3448441","7"
"3448770","5"
"3451874","3"
"3451964","3"
"3452034","1"
"3458733","2"
"3459608","1"
"3470210","1"
"3470415","6"
"3470669","8"
"3473841","2"
"3478954","23"
"3479728","7"
"3488150","1"
"3489344","4"
"3489858","4"
"3503010","3"
"3505453","4"
"3506222","2"
"3508155","2"
"3508589","3"
"3509862","4"
"3514579","2"
"3516553","1"
"3518920","4"
"3522238","1"
"3525826","1"
"3527601","2"
"3529524","2"
"3529695","3"
"3531506","4"
"3538353","4"
"3541796","1"
"3543070","1"
"3546908","3"
"3549721","4"
"3554908","10"
"3556255","2"
"3558702","7"
"3559073","2"
"3559798","2"
"3561697","4"
"3562295","2"
"3565378","5"
"3567184","2"
"3569415","6"
"3569528","4"
"3570791","1"
"3571080","8"
"3573392","3"
"3574474","3"
"3575160","4"
"3579930","3"
"3585610","1"
"3591220","3"
"3591265","4"
"3594884","1"
"3596328","4"
"3598581","3"
"3599442","5"
"3601492","1"
"3602187","1"
"3604436","2"
"3604673","5"
"3604694","2"
"3607518","3"
"3607558","2"
"3607894","3"
"3608272","1"
"3612152","1"
"3612189","2"
"3618788","0"
"3619219","4"
"3620211","2"
"3623157","2"
"3624937","1"
"3625644","1"
"3628330","3"
"3631287","2"
"3632283","2"
"3638457","2"
"3638495","1"
"3641749","2"
"3644138","4"
"3644367","5"
"3644446","3"
"3648430","4"
"3649689","4"
"3652169","2"
"3652440","2"
"3652843","4"
"3654104","1"
"3659862","7"
"3662837","2"
"3664038","1"
"3670058","2"
"3671861","3"
"3674564","2"
"3678069","3"
"3678170","2"
"3679594","4"
"3682480","3"
"3687244","2"
"3689739","3"
"3689777","1"
"3692982","1"
"3698020","1"
"3701330","2"
"3703621","3"
"3704373","2"
"3713774","1"
"3716665","1"
"3718349","2"
"3720523","6"
"3727332","3"
"3730897","1"
"3734613","2"
"3736429","2"
"3736726","2"
"3737383","1"
"3740366","3"
"3743197","3"
"3746135","4"
"3748151","1"
"3748472","1"
"3755963","3"
"3758938","1"
"3759559","1"
"3761845","1"
"3763728","9"
"3765975","2"
"3769226","3"
"3773440","1"
"3774058","1"
"3774187","3"
"3776847","4"
"3778420","1"
"3778453","7"
"3783553","1"
"3790910","0"
"3793039","0"
"3794719","1"
"3797613","3"
"3802542","4"
"3808305","1"
"3811711","0"
"3815656","5"
"3817642","2"
"3817941","4"
"3819839","4"
"3822520","2"
"3827835","2"
"3829716","1"
"3833228","1"
"3833711","1"
"3842341","1"
"3844404","1"
"3847658","1"
"3847892","1"
"3852190","2"
"3852896","5"
"3853842","1"
"3855526","3"
"3855816","1"
"3858229","3"
"3867054","2"
"3867576","1"
"3867646","3"
"3870427","2"
"3873128","1"
"3878253","1"
"3878275","5"
"3879382","4"
"3882006","3"
"3883716","2"
"3883990","2"
"3886742","2"
"3887166","4"
"3888379","2"
"3890091","1"
"3892022","1"
"3892870","2"
"3896365","4"
"3897680","5"
"3904529","2"
"3914389","2"
"3914936","1"
"3917897","1"
"3919678","1"
"3919795","1"
"3924093","3"
"3927456","12"
"3930353","0"
"3938184","4"
"3940815","3"
"3943386","2"
"3947138","1"
"3948801","1"
"3949564","4"
"3952122","3"
"3952687","4"
"3952737","0"
"3954017","1"
"3955658","5"
"3956511","1"
"3957297","1"
"3959900","7"
"3960263","1"
"3969110","1"
"3974268","1"
"3976744","1"
"3976930","1"
"3978579","0"
"3982132","2"
"3988171","1"
"3988959","3"
"3989654","1"
"3990342","1"
"3997076","1"
"4005091","3"
"4005481","4"
"4005826","3"
"4006116","4"
"4007018","3"
"4007846","1"
"4014177","2"
"4016875","2"
"4017344","3"
"4022037","1"
"4022698","2"
"4023567","4"
"4024938","0"
"4026986","1"
"4027610","3"
"4028334","3"
"4028998","5"
"4029803","2"
"4032587","2"
"4032818","1"
"4032824","3"
"4035532","1"
"4038332","1"
"4038807","5"
"4042825","4"
"4045415","3"
"4046302","3"
"4053654","3"
"4054525","2"
"4055131","7"
"4069252","3"
"4070257","2"
"4080878","2"
"4084042","2"
"4089297","1"
"4095339","1"
"4100262","2"
"4102387","8"
"4103485","4"
"4107040","2"
"4108595","0"
"4113403","2"
"4117621","3"
"4119746","2"
"4119775","1"
"4120341","1"
"4128186","3"
"4129496","3"
"4130947","2"
"4132946","1"
"4134197","2"
"4134740","3"
"4137826","3"
"4145824","1"
"4147717","2"
"4156723","3"
"4164055","3"
"4169140","1"
"4170058","2"
"4171059","1"
"4171445","3"
"4181872","4"
"4183179","2"
"4183621","2"
"4191312","5"
"4191315","2"
"4199427","2"
"4199549","1"
"4200368","2"
"4206217","2"
"4208091","1"
"4212470","2"
"4217112","2"
"4225685","1"
"4227389","3"
"4231088","1"
"4232546","2"
"4234751","3"
"4235693","2"
"4239772","1"
"4241356","1"
"4241944","1"
"4243907","3"
"4250056","1"
"4250490","1"
"4254404","3"
"4258392","5"
"4261605","4"
"4262953","1"
"4269690","1"
"4286610","4"
"4287509","1"
"4289847","3"
"4291127","3"
"4293498","2"
"4293634","2"
"4304175","2"
"4306543","2"
"4310234","1"
"4310995","1"
"4312492","2"
"4314859","2"
"4315971","1"
"4319506","1"
"4320252","2"
"4329048","4"
"4329260","1"
"4331025","2"
"4333015","4"
"4333982","1"
"4334756","1"
"4335347","0"
"4337817","1"
"4340397","1"
"4342968","2"
"4347484","3"
"4349467","2"
"4350611","5"
"4351234","1"
"4353625","2"
"4353831","1"
"4358758","2"
"4360010","3"
"4360503","1"
"4360839","2"
"4362242","1"
"4365597","1"
"4369360","6"
"4370450","2"
"4371592","1"
"4371729","4"
"4372374","1"
"4373917","3"
"4375892","1"
"4376792","4"
"4376840","8"
"4378750","1"
"4379104","1"
"4382700","3"
"4384035","2"
"4386891","2"
"4397070","2"
"4400721","2"
"4402286","1"
"4402291","1"
"4407270","1"
"4408839","4"
"4412975","1"
"4416118","3"
"4418256","1"
"4418588","4"
"4425010","1"
"4425780","4"
"4426768","2"
"4427977","2"
"4432667","3"
"4433023","1"
"4433216","2"
"4433744","4"
"4434336","3"
"4436219","2"
"4440000","1"
"4442229","2"
"4447038","3"
"4451398","2"
"4451953","1"
"4455104","1"
"4458223","2"
"4463974","5"
"4465022","2"
"4467250","2"
"4481701","3"
"4484856","1"
"4485064","4"
"4487581","1"
"4489140","3"
"4491656","3"
"4493387","1"
"4495700","3"
"4506124","11"
"4506406","2"
"4507425","1"
"4507492","2"
"4510639","1"
"4521964","3"
"4522940","4"
"4525799","2"
"4526674","2"
"4527948","3"
"4529202","5"
"4530682","1"
"4532631","1"
"4535627","5"
"4536315","2"
"4536832","4"
"4537052","5"
"4538056","2"
"4540675","3"
"4540725","4"
"4544637","3"
"4549222","2"
"4552689","2"
"4554781","2"
"4555249","2"
"4556669","1"
"4559044","1"
"4560461","3"
"4565518","2"
"4567176","2"
"4569060","2"
"4569104","1"
"4572527","3"
"4574094","2"
"4575336","2"
"4575467","5"
"4576576","3"
"4576928","0"
"4577024","2"
"4579349","1"
"4580967","1"
"4583274","9"
"4585174","1"
"4587873","1"
"4587891","2"
"4592917","1"
"4593471","2"
"4597446","4"
"4598650","1"
"4600783","1"
"4600819","2"
"4600887","2"
"4602996","1"
"4604180","3"
"4604925","9"
"4606437","1"
"4609276","3"
"4609305","2"
"4613710","2"
"4615163","6"
"4618171","1"
"4621372","2"
"4622277","1"
"4627394","1"
"4635334","3"
"4636512","5"
"4636773","2"
"4639203","2"
"4644498","2"
"4645088","2"
"4645206","1"
"4647430","2"
"4650636","5"
"4651453","3"
"4654731","1"
"4657416","10"
"4663912","2"
"4665350","4"
"4666262","2"
"4668925","1"
"4670494","7"
"4671218","2"
"4673661","2"
"4674723","1"
"4674992","1"
"4678127","2"
"4680359","3"
"4680823","1"
"4683718","2"
"4683814","7"
"4685487","3"
"4687204","3"
"4693623","1"
"4696141","3"
"4702885","2"
"4703957","1"
"4712330","2"
"4712543","1"
"4714631","5"
"4716777","6"
"4721210","2"
"4722151","3"
"4722308","2"
"4723322","2"
"4735306","1"
"4737721","1"
"4737797","1"
"4743060","6"
"4746633","1"
"4752013","3"
"4753196","2"
"4753433","1"
"4753718","1"
"4756046","3"
"4756852","1"
"4757098","1"
"4758321","3"
"4762889","1"
"4762939","1"
"4767897","3"
"4767985","1"
"4769007","3"
"4773126","3"
"4774607","6"
"4775084","2"
"4785488","2"
"4789036","2"
"4793583","1"
"4795934","1"
"4797636","3"
"4799083","1"
"4802678","1"
"4808322","2"
"4812292","2"
"4812813","4"
"4814312","1"
"4815241","2"
"4817643","3"
"4820181","1"
"4828721","1"
"4828803","1"
"4829060","1"
"4831634","1"
"4833989","4"
"4834714","2"
"4837224","1"
"4837538","1"
"4838763","2"
"4839371","2"
"4844005","3"
"4851480","3"
"4854775","3"
"4857039","2"
"4857702","8"
"4858809","1"
"4858825","2"
"4861865","2"
"4863275","2"
"4864295","2"
"4868170","7"
"4868331","7"
"4872593","1"
"4873555","5"
"4876685","7"
"4880392","2"
"4883398","1"
"4889244","3"
"4891113","3"
"4902562","4"
"4902954","2"
"4903265","2"
"4906421","1"
"4906594","3"
"4907617","2"
"4911374","2"
"4911442","5"
"4915120","2"
"4915688","1"
"4917919","2"
"4918427","1"
"4922779","1"
"4924052","3"
"4924799","3"
"4925547","1"
"4926290","1"
"4926891","1"
"4928623","2"
"4930497","6"
"4932954","1"
"4934469","2"
"4937173","3"
"4938906","3"
"4940348","3"
"4942207","2"
"4942814","2"
"4942898","2"
"4945444","1"
"4945573","1"
"4947526","1"
"4947664","2"
"4948322","12"
"4949688","2"
"4950779","1"
"4952268","2"
"4954397","3"
"4958502","3"
"4959083","3"
"4960592","2"
"4967657","1"
"4968003","4"
"4969400","1"
"4970986","3"
"4971483","2"
"4974845","1"
"4977473","2"
"4980085","2"
"4980452","2"
"4989844","2"
"4990076","1"
"4992462","3"
"4992701","2"
"4995911","3"
"5001085","2"
"5002228","2"
"5005999","2"
"5007185","5"
"5009685","5"
"5018934","2"
"5021481","3"
"5025211","3"
"5025776","1"
"5027666","1"
"5032341","5"
"5034586","1"
"5042321","3"
"5043016","4"
"5043825","3"
"5051249","4"
"5052563","1"
"5054322","1"
"5055391","1"
"5055923","2"
"5062204","3"
"5063769","3"
"5068988","1"
"5071116","5"
"5073599","2"
"5075004","1"
"5075534","1"
"5076675","5"
"5077866","1"
"5080971","1"
"5082603","2"
"5085261","1"
"5086172","3"
"5087403","5"
"5088944","5"
"5089518","3"
"5089841","8"
"5090428","1"
"5096169","3"
"5102825","2"
"5105726","2"
"5106271","2"
"5108408","1"
"5108607","4"
"5112062","2"
"5112654","4"
"5118168","2"
"5118793","2"
"5118870","3"
"5121428","4"
"5122741","3"
"5124793","4"
"5125839","1"
"5127740","2"
"5129399","4"
"5130343","3"
"5131685","3"
"5131810","2"
"5135966","1"
"5136251","2"
"5137310","2"
"5144566","7"
"5145638","3"
"5147217","4"
"5147441","4"
"5149904","3"
"5155789","7"
"5161504","4"
"5161549","1"
"5161669","1"
"5167174","2"
"5167761","1"
"5167853","3"
"5169236","2"
"5169253","2"
"5169577","3"
"5169752","3"
"5172886","3"
"5173002","4"
"5174768","3"
"5177800","1"
"5178700","3"
"5181334","3"
"5182294","1"
"5188440","3"
"5200635","2"
"5200805","1"
"5204039","1"
"5206864","2"
"5207184","3"
"5207501","5"
"5208975","1"
"5209909","2"
"5213111","2"
"5214909","2"
"5214926","4"
"5217598","1"
"5218734","2"
"5220761","4"
"5225373","2"
"5226826","1"
"5239414","5"
"5240546","1"
"5247678","0"
"5248801","1"
"5253437","4"
"5254848","1"
"5255343","3"
"5258521","2"
"5262463","2"
"5263681","3"
"5264373","2"
"5265688","1"
"5265747","4"
"5266134","2"
"5269536","1"
"5270601","3"
"5271590","3"
"5274693","2"
"5277441","2"
"5277991","2"
"5281244","2"
"5283422","2"
"5287145","4"
"5289175","1"
"5293967","2"
"5297343","4"
"5300598","3"
"5303319","7"
"5307499","1"
"5309997","4"
"5311749","2"
"5313154","3"
"5321577","1"
"5323266","3"
"5323855","2"
"5327015","3"
"5333368","4"
"5334981","2"
"5336141","2"
"5339781","3"
"5345837","2"
"5349144","1"
"5350108","4"
"5352070","2"
"5355019","2"
"5356503","2"
"5357380","1"
"5359796","1"
"5360272","2"
"5361204","1"
"5361372","1"
"5364534","2"
"5364937","1"
"5365985","2"
"5367137","1"
"5367991","1"
"5370497","4"
"5372115","4"
"5372574","5"
"5378851","3"
"5380208","2"
"5385403","1"
"5386295","2"
"5387985","9"
"5389747","2"
"5390745","4"
"5392305","4"
"5393153","3"
"5394727","1"
"5397467","4"
"5397788","1"
"5398630","3"
"5401092","3"
"5406240","1"
"5408396","1"
"5414225","3"
"5421304","3"
"5422220","1"
"5430129","8"
"5433716","1"
"5439568","2"
"5439919","2"
"5442019","2"
"5448463","2"
"5452783","1"
"5461906","4"
"5464479","2"
"5464611","2"
"5464749","2"
"5465964","2"
"5470952","1"
"5471216","1"
"5472762","1"
"5474205","1"
"5475023","3"
"5476926","5"
"5478952","2"
"5484786","2"
"5486592","1"
"5492429","1"
"5492683","4"
"5493634","2"
"5495753","3"
"5498977","2"
"5499122","3"
"5500096","2"
"5501894","2"
"5502353","2"
"5503102","1"
"5506758","1"
"5507225","5"
"5512658","1"
"5513657","1"
"5514292","1"
"5516460","1"
"5521245","1"
"5526821","1"
"5527179","1"
"5535945","1"
"5537700","3"
"5538791","2"
"5541347","7"
"5541949","1"
"5549323","3"
"5549425","3"
"5557657","1"
"5559419","2"
"5559921","1"
"5560165","6"
"5564238","1"
"5572553","2"
"5578484","1"
"5578673","1"
"5578701","1"
"5579559","1"
"5581329","6"
"5581417","1"
"5585989","1"
"5586841","3"
"5587513","7"
"5593934","2"
"5595101","1"
"5602382","3"
"5604633","1"
"5609604","3"
"5613217","2"
"5614301","1"
"5617099","1"
"5618182","2"
"5620044","1"
"5632211","4"
"5632770","2"
"5633202","1"
"5637702","0"
"5641326","1"
"5641922","2"
"5644196","1"
"5648590","3"
"5648902","3"
"5651151","1"
"5654114","3"
"5656620","1"
"5658656","3"
"5658987","1"
"5660116","2"
"5660184","2"
"5665173","1"
"5668811","1"
"5669815","4"
"5671428","2"
"5675016","3"
"5676001","1"
"5677846","2"
"5678852","3"
"5681366","2"
"5683215","1"
"5685574","1"
"5686531","5"
"5692782","2"
"5695307","1"
"5695346","4"
"5696564","1"
"5700170","2"
"5701075","1"
"5704537","1"
"5707363","1"
"5708051","1"
"5711441","3"
"5712408","2"
"5713645","1"
"5713769","4"
"5715947","1"
"5716529","5"
"5717749","1"
"5717872","4"
"5720519","2"
"5720736","2"
"5725663","5"
"5727607","3"
"5731460","4"
"5733999","2"
"5738846","4"
"5739172","4"
"5739436","3"
"5741247","3"
"5743285","2"
"5743665","1"
"5744896","1"
"5745575","2"
"5745613","1"
"5747792","1"
"5750657","2"
"5753394","2"
"5754122","2"
"5756565","1"
"5758641","3"
"5760222","3"
"5763949","1"
"5764679","2"
"5765885","3"
"5766627","2"
"5768272","3"
"5770024","2"
"5773363","1"
"5777105","1"
"5780731","1"
"5783450","3"
"5785035","6"
"5787650","3"
"5788194","0"
"5793621","1"
"5795256","2"
"5798598","1"
"5799720","2"
"5813412","1"
"5815466","2"
"5815649","1"
"5816310","2"
"5818869","1"
"5819206","4"
"5821985","4"
"5822424","1"
"5831222","1"
"5832664","1"
"5834842","3"
"5836871","3"
"5840577","1"
"5840875","2"
"5846372","1"
"5848557","4"
"5848614","3"
"5852437","1"
"5854398","1"
"5858027","2"
"5859041","2"
"5860439","4"
"5860691","2"
"5862130","3"
"5863098","2"
"5863619","2"
"5863628","3"
"5864412","1"
"5870393","2"
"5876091","2"
"5882051","2"
"5890357","1"
"5903702","3"
"5905390","2"
"5907377","3"
"5908092","2"
"5908836","2"
"5909466","2"
"5913503","2"
"5914019","2"
"5914508","1"
"5915336","2"
"5919239","2"
"5922762","7"
"5926126","6"
"5926215","2"
"5929050","4"
"5930078","1"
"5930441","1"
"5937375","4"
"5938657","1"
"5943790","1"
"5944073","3"
"5946309","3"
"5947849","2"
"5948256","0"
"5949539","2"
"5950964","1"
"5951239","1"
"5954431","1"
"5956481","1"
"5958631","3"
"5964567","2"
"5968618","2"
"5968982","3"
"5969500","4"
"5976550","2"
"5977865","2"
"5980790","1"
"5983493","4"
"5984843","4"
"5985167","3"
"5988735","3"
"5989096","3"
"5989201","5"
"5991067","6"
"5991633","1"
"5994620","1"
"5996422","0"
"5997410","0"
"5998634","2"
"5999418","4"
"5999467","3"
"6000601","1"
"6002508","2"
"6006021","3"
"6007501","4"
"6009398","1"
"6010567","4"
"6012627","1"
"6014325","2"
"6016030","4"
"6019701","1"
"6031271","2"
"6034250","2"
"6039439","1"
"6040673","2"
"6041734","1"
"6044301","1"
"6054170","2"
"6054627","1"
"6058019","2"
"6058166","3"
"6059615","3"
"6062436","1"
"6063857","3"
"6069907","3"
"6074424","2"
"6075256","2"
"6077033","3"
"6077788","1"
"6080022","4"
"6081839","2"
"6083618","3"
"6087463","1"
"6088120","2"
"6088583","4"
"6088991","4"
"6089330","5"
"6090897","3"
"6093430","3"
"6094771","2"
"6097248","2"
"6103306","6"
"6104910","1"
"6105234","0"
"6106681","4"
"6110627","1"
"6112867","2"
"6116883","5"
"6117679","4"
"6120442","2"
"6122931","1"
"6123713","2"
"6128302","2"
"6136240","2"
"6138031","3"
"6140070","3"
"6141356","2"
"6142040","4"
"6142225","2"
"6148224","1"
"6152429","1"
"6156227","2"
"6160837","1"
"6166833","5"
"6167076","1"
"6178728","2"
"6178735","2"
"6184301","1"
"6187052","3"
"6187678","2"
"6188433","1"
"6188958","3"
"6193755","2"
"6198104","5"
"6202092","2"
"6205705","5"
"6205835","5"
"6211997","2"
"6212933","1"
"6213169","2"
"6214518","4"
"6216843","0"
"6220174","1"
"6222670","3"
"6223305","5"
"6224570","1"
"6224732","3"
"6227135","1"
"6229038","2"
"6238244","2"
"6239016","4"
"6240283","3"
"6242764","2"
"6245433","2"
"6249149","2"
"6249415","7"
"6251139","1"
"6252392","1"
"6255615","1"
"6259196","1"
"6259990","2"
"6262999","1"
"6263209","1"
"6267503","2"
"6267555","4"
"6269358","2"
"6274622","1"
"6277074","3"
"6282190","3"
"6284620","3"
"6288773","3"
"6290871","1"
"6300152","1"
"6301388","1"
"6312871","4"
"6315407","2"
"6315872","2"
"6316453","3"
"6317578","1"
"6317770","1"
"6318203","3"
"6320947","2"
"6321353","5"
"6324459","3"
"6325576","7"
"6326692","1"
"6332230","1"
"6333652","2"
"6333705","6"
"6335167","2"
"6335609","2"
"6336624","0"
"6341361","1"
"6341954","1"
"6346873","3"
"6346954","1"
"6348462","1"
"6348988","3"
"6352284","3"
"6354656","1"
"6355494","5"
"6355803","2"
"6357759","1"
"6360360","3"
"6362592","2"
"6368424","1"
"6376323","2"
"6378959","1"
"6382900","2"
"6388109","4"
"6388470","1"
"6388812","5"
"6392126","1"
"6392964","3"
"6394495","2"
"6399149","3"
"6408931","2"
"6410182","1"
"6410615","6"
"6413569","0"
"6416229","1"
"6418066","3"
"6422504","5"
"6422540","1"
"6423108","2"
"6423423","1"
"6426438","4"
"6428182","2"
"6429048","1"
"6429246","2"
"6434005","1"
"6442399","2"
"6446178","3"
"6446700","2"
"6451886","3"
"6454327","5"
"6454717","2"
"6455691","5"
"6456717","2"
"6457164","1"
"6470306","2"
"6470865","2"
"6471480","1"
"6472667","6"
"6473352","5"
"6473823","3"
"6474058","1"
"6474690","1"
"6474775","23"
"6475228","5"
"6475445","2"
"6476561","1"
"6477425","2"
"6478439","1"
"6479169","1"
"6479608","1"
"6481762","1"
"6482883","6"
"6484489","2"
"6486121","3"
"6486347","2"
"6489456","0"
"6489606","5"
"6501234","6"
"6502914","1"
"6503500","1"
"6511015","1"
"6512752","3"
"6515074","3"
"6518437","2"
"6521012","4"
"6521023","2"
"6524548","2"
"6534676","1"
"6534937","2"
"6538018","1"
"6545099","6"
"6548328","4"
"6555637","3"
"6555887","3"
"6557760","5"
"6558157","5"
"6563501","4"
"6571440","2"
"6571597","1"
"6571902","1"
"6574806","4"
"6580870","1"
"6582485","1"
"6582585","1"
"6582683","1"
"6585126","3"
"6587023","1"
"6596371","2"
"6598325","3"
"6599391","1"
"6601467","4"
"6603849","5"
"6606869","2"
"6607879","1"
"6608529","1"
"6609664","3"
"6613674","2"
"6615368","2"
"6616538","3"
"6616708","2"
"6620601","1"
"6621350","2"
"6621983","2"
"6622259","1"
"6622886","6"
"6623507","2"
"6625496","2"
"6625642","2"
"6625776","2"
"6627718","2"
"6630282","5"
"6636872","1"
"6637839","2"
"6640778","2"
"6642713","6"
"6647916","1"
"6656700","1"
"6658728","1"
"6661329","1"
"6665173","1"
"6669181","1"
"6670900","2"
"6670903","1"
"6681753","1"
"6683566","3"
"6684423","3"
"6684902","1"
"6685409","3"
"6685761","1"
"6686686","2"
"6690701","1"
"6697036","1"
"6707078","1"
"6714287","3"
"6715168","3"
"6720428","2"
"6720485","2"
"6724252","1"
"6725042","1"
"6725520","4"
"6727365","5"
"6733237","2"
"6735026","2"
"6735236","2"
"6736151","1"
"6736814","1"
"6740031","2"
"6742725","2"
"6747146","0"
"6754163","1"
"6756273","0"
"6756323","6"
"6756461","1"
"6758332","1"
"6759084","3"
"6759650","3"
"6761942","2"
"6762488","1"
"6762975","1"
"6763741","3"
"6763942","2"
"6782180","4"
"6783825","1"
"6786049","5"
"6786113","2"
"6788388","1"
"6790789","2"
"6794565","2"
"6800085","1"
"6802545","3"
"6804730","1"
"6807495","3"
"6809193","1"
"6809722","1"
"6811830","2"
"6811880","1"
"6815250","2"
"6816694","2"
"6818470","2"
"6818471","1"
"6824720","3"
"6824880","1"
"6827725","2"
"6827734","2"
"6831033","1"
"6831422","1"
"6849974","1"
"6851461","21"
"6857027","1"
"6858756","0"
"6867002","1"
"6867195","4"
"6868867","1"
"6870496","1"
"6874341","1"
"6876707","3"
"6879059","2"
"6886260","1"
"6886469","2"
"6888582","4"
"6888858","2"
"6889330","3"
"6896379","0"
"6897948","1"
"6900563","1"
"6904674","2"
"6909561","1"
"6910731","3"
"6911831","1"
"6912464","5"
"6913696","2"
"6914377","2"
"6914982","2"
"6918393","3"
"6927288","2"
"6928090","1"
"6930167","3"
"6932296","0"
"6933802","2"
"6937621","1"
"6938196","2"
"6945280","4"
"6945987","2"
"6946952","2"
"6947629","1"
"6950662","2"
"6951062","4"
"6953286","5"
"6953621","2"
"6954701","2"
"6958075","5"
"6958645","2"
"6959828","1"
"6967726","1"
"6969316","3"
"6969933","2"
"6972379","1"
"6979246","4"
"6979375","1"
"6981097","1"
"6984521","1"
"6985341","2"
"6987602","0"
"6990427","2"
"6991557","4"
"6992657","2"
"6999511","1"
"6999751","4"
"7002314","1"
"7005985","2"
"7008804","1"
"7012145","4"
"7017483","1"
"7017486","3"
"7020401","2"
"7024419","5"
"7025317","1"
"7025758","4"
"7025837","2"
"7029123","2"
"7030119","3"
"7031288","3"
"7032463","3"
"7033509","3"
"7035824","1"
"7041900","1"
"7047287","1"
"7052900","1"
"7057423","2"
"7064904","1"
"7065978","1"
"7070207","1"
"7072483","1"
"7072675","1"
"7074736","3"
"7076176","2"
"7078297","1"
"7083150","2"
"7084021","1"
"7086087","1"
"7086746","2"
"7089475","2"
"7093935","1"
"7094035","3"
"7098952","1"
"7099514","1"
"7104060","5"
"7113293","1"
"7113824","1"
"7114616","3"
"7125144","1"
"7127431","1"
"7128924","2"
"7129096","2"
"7130986","2"
"7133899","1"
"7134234","1"
"7134934","2"
"7148884","4"
"7149439","3"
"7149587","2"
"7154387","1"
"7158668","5"
"7163162","3"
"7168543","4"
"7169782","5"
"7174792","5"
"7175675","6"
"7178494","1"
"7181658","4"
"7184773","2"
"7186015","2"
"7188346","1"
"7188979","1"
"7189997","2"
"7191001","4"
"7191747","1"
"7192401","3"
"7195296","2"
"7203668","11"
"7204605","1"
"7206733","2"
"7210796","1"
"7216220","1"
"7224692","1"
"7226243","2"
"7226828","2"
"7227908","1"
"7228089","1"
"7228119","1"
"7234155","2"
"7234529","1"
"7236153","1"
"7242934","2"
"7244603","1"
"7244924","2"
"7245079","2"
"7254006","2"
"7255158","2"
"7256581","4"
"7259044","1"
"7265236","2"
"7265782","3"
"7270637","1"
"7272378","1"
"7278683","2"
"7282242","3"
"7283035","1"
"7284909","1"
"7291772","3"
"7293021","2"
"7293077","3"
"7296535","4"
"7303914","2"
"7305815","2"
"7306216","3"
"7313835","7"
"7316729","6"
"7318641","1"
"7322476","7"
"7325811","3"
"7326086","2"
"7330678","3"
"7330744","2"
"7332504","1"
"7337921","4"
"7338066","2"
"7341034","2"
"7341675","3"
"7344421","0"
"7350724","1"
"7353600","3"
"7358294","1"
"7358443","3"
"7359128","1"
"7359871","2"
"7366191","2"
"7369758","1"
"7369769","3"
"7373378","1"
"7374271","2"
"7374990","0"
"7380948","1"
"7382149","3"
"7382672","1"
"7382747","1"
"7385662","3"
"7385882","2"
"7386851","1"
"7387261","4"
"7387436","1"
"7388642","2"
"7397427","3"
"7398567","1"
"7399154","10"
"7400500","6"
"7400884","2"
"7403542","6"
"7405312","4"
"7418506","2"
"7424667","1"
"7428886","2"
"7428955","5"
"7431521","1"
"7442584","3"
"7444364","1"
"7447242","2"
"7448291","3"
"7448822","1"
"7456595","2"
"7457503","4"
"7469540","2"
"7469597","1"
"7470007","2"
"7471213","2"
"7471635","1"
"7479017","1"
"7480677","2"
"7488786","3"
"7494323","5"
"7498642","1"
"7501162","1"
"7511376","2"
"7515164","3"
"7521868","1"
"7524428","2"
"7524602","1"
"7531333","1"
"7532807","3"
"7535834","2"
"7537025","2"
"7540519","1"
"7545431","1"
"7545468","5"
"7545712","2"
"7546067","2"
"7547517","4"
"7555241","4"
"7557529","4"
"7558724","1"
"7559448","1"
"7566689","1"
"7568995","2"
"7573468","1"
"7577057","1"
"7580154","1"
"7582022","2"
"7582657","3"
"7583596","1"
"7584208","3"
"7584484","1"
"7584776","1"
"7589461","1"
"7592370","2"
"7592887","1"
"7594778","2"
"7596169","1"
"7600180","1"
"7600486","2"
"7603378","1"
"7604036","2"
"7607411","1"
"7607605","4"
"7609135","4"
"7616265","1"
"7623581","1"
"7623592","1"
"7623660","2"
"7626020","1"
"7626577","1"
"7631025","5"
"7631763","2"
"7637133","1"
"7640463","2"
"7641202","2"
"7642871","3"
"7649074","1"
"7652874","2"
"7655767","3"
"7656293","1"
"7661423","1"
"7662726","1"
"7663711","1"
"7663851","2"
"7664821","2"
"7670118","4"
"7670540","3"
"7675267","1"
"7676445","2"
"7676992","4"
"7678497","2"
"7680375","1"
"7680917","6"
"7686405","3"
"7688629","4"
"7690896","2"
"7691782","4"
"7693388","3"
"7694167","2"
"7695672","1"
"7698009","6"
"7702402","1"
"7703759","2"
"7712292","3"
"7713034","0"
"7714186","2"
"7714979","2"
"7716282","1"
"7717825","8"
"7719807","1"
"7722103","1"
"7723469","3"
"7727203","1"
"7733833","6"
"7733881","5"
"7739358","2"
"7741771","1"
"7744876","2"
"7746496","1"
"7747651","1"
"7751723","5"
"7758395","2"
"7762062","1"
"7763766","3"
"7765113","1"
"7765664","1"
"7766975","3"
"7768085","1"
"7770424","2"
"7771103","1"
"7771694","1"
"7772847","1"
"7773097","2"
"7773218","2"
"7773246","3"
"7774728","1"
"7778843","1"
"7780075","2"
"7786574","1"
"7787212","1"
"7787773","4"
"7792438","3"
"7792748","1"
"7793203","2"
"7795422","3"
"7797670","1"
"7799239","3"
"7800960","3"
"7805101","2"
"7808706","2"
"7814291","1"
"7814415","1"
"7816735","1"
"7819952","2"
"7824767","2"
"7831411","1"
"7832000","2"
"7835147","1"
"7836521","2"
"7838221","2"
"7838957","2"
"7839524","1"
"7841193","1"
"7852225","3"
"7853156","2"
"7853624","1"
"7854175","1"
"7855449","1"
"7856519","1"
"7858777","2"
"7859972","4"
"7859994","2"
"7864805","2"
"7871075","2"
"7879690","2"
"7888584","3"
"7892644","2"
"7893805","1"
"7895170","2"
"7896799","1"
"7901857","1"
"7905313","2"
"7907466","0"
"7909414","1"
"7911743","1"
"7915661","2"
"7918422","1"
"7921639","2"
"7924848","2"
"7927171","2"
"7927896","3"
"7928916","2"
"7930607","7"
"7930941","2"
"7931938","1"
"7938885","1"
"7944891","3"
"7945771","1"
"7955612","1"
"7956275","2"
"7956535","1"
"7958088","4"
"7961006","1"
"7961727","2"
"7964664","1"
"7973424","2"
"7985744","1"
"7988404","1"
"7993380","1"
"7995035","3"
"7995761","3"
"7996726","2"
"8000063","2"
"8004175","2"
"8017889","1"
"8028184","3"
"8028511","3"
"8029121","3"
"8032486","0"
"8032575","2"
"8032842","2"
"8036349","3"
"8036510","2"
"8037693","1"
"8040843","1"
"8041062","1"
"8041480","1"
"8041585","2"
"8043699","1"
"8047632","2"
"8050348","2"
"8054973","1"
"8063026","2"
"8063491","2"
"8064049","1"
"8068133","2"
"8071531","4"
"8072162","2"
"8072676","1"
"8072868","3"
"8074227","1"
"8083144","2"
"8086847","2"
"8088758","1"
"8089150","1"
"8091607","1"
"8098450","4"
"8102291","3"
"8105558","6"
"8107036","3"
"8107162","1"
"8109000","2"
"8115159","3"
"8116281","2"
"8118587","1"
"8120798","2"
"8124111","3"
"8126273","4"
"8128118","2"
"8132704","3"
"8135476","2"
"8135659","1"
"8139680","2"
"8151198","1"
"8161698","1"
"8169054","5"
"8172480","1"
"8174131","3"
"8174369","3"
"8175947","2"
"8190473","3"
"8195428","2"
"8195494","1"
"8195689","5"
"8202886","1"
"8207066","4"
"8207520","2"
"8207611","2"
"8208795","2"
"8209915","4"
"8216728","2"
"8219189","2"
"8219716","2"
"8222236","2"
"8225510","1"
"8229046","1"
"8230792","3"
"8231329","1"
"8233009","0"
"8236289","1"
"8239109","1"
"8239728","2"
"8242131","0"
"8247788","1"
"8247935","2"
"8248590","1"
"8249172","3"
"8249784","3"
"8261875","3"
"8264480","2"
"8266048","1"
"8267799","2"
"8268694","2"
"8276233","2"
"8281695","2"
"8282930","4"
"8284180","2"
"8284656","1"
"8286778","4"
"8293781","2"
"8299768","3"
"8310864","2"
"8318927","2"
"8318944","4"
"8319115","2"
"8324382","4"
"8327810","8"
"8329721","4"
"8331570","1"
"8332580","3"
"8334099","4"
"8340915","2"
"8344955","2"
"8349302","1"
"8350523","1"
"8357806","2"
"8361093","3"
"8361744","1"
"8362262","3"
"8365248","2"
"8366965","1"
"8367837","1"
"8369880","1"
"8372159","1"
"8374115","4"
"8375858","2"
"8376610","1"
"8378560","1"
"8378976","1"
"8379645","1"
"8383115","0"
"8387345","1"
"8387889","3"
"8391041","1"
"8392890","6"
"8397267","3"
"8400039","1"
"8400731","3"
"8405105","1"
"8406429","2"
"8409648","1"
"8409738","2"
"8410609","2"
"8411295","1"
"8412631","2"
"8412784","2"
"8414701","2"
"8415345","1"
"8420571","2"
"8424776","2"
"8427001","3"
"8429484","1"
"8429831","5"
"8432210","6"
"8433605","1"
"8434390","1"
"8436761","1"
"8440133","1"
"8441542","0"
"8443081","1"
"8446099","3"
"8447221","2"
"8449327","1"
"8452213","3"
"8454463","1"
"8465233","3"
"8473674","1"
"8475265","2"
"8477755","2"
"8481107","5"
"8483802","0"
"8487122","1"
"8487255","8"
"8490352","1"
"8495056","1"
"8496116","2"
"8500249","1"
"8500550","3"
"8505313","2"
"8507785","3"
"8509399","2"
"8510135","1"
"8510156","3"
"8521251","7"
"8522371","2"
"8523124","1"
"8529196","2"
"8532214","1"
"8536913","2"
"8542790","1"
"8546061","1"
"8550328","2"
"8554346","2"
"8555376","2"
"8557444","1"
"8562683","3"
"8562748","2"
"8564856","1"
"8565342","1"
"8568684","2"
"8574764","1"
"8574973","3"
"8592601","5"
"8593439","1"
"8594062","1"
"8595678","0"
"8597208","1"
"8598039","2"
"8601306","1"
"8602911","1"
"8613065","1"
"8614844","2"
"8626003","3"
"8627924","4"
"8628741","2"
"8632118","1"
"8634521","0"
"8641109","2"
"8647165","3"
"8650705","5"
"8650769","2"
"8652890","2"
"8653102","1"
"8653752","2"
"8656267","2"
"8657013","2"
"8668142","1"
"8671276","4"
"8672338","2"
"8673375","2"
"8674182","3"
"8674459","2"
"8677383","2"
"8680843","3"
"8682497","3"
"8682948","1"
"8683721","4"
"8689654","1"
"8690816","1"
"8692561","4"
"8696520","1"
"8696573","2"
"8697330","1"
"8700053","2"
"8702054","2"
"8702729","2"
"8703643","2"
"8704767","2"
"8708849","1"
"8709602","5"
"8712565","2"
"8712870","1"
"8716474","2"
"8718942","3"
"8719923","3"
"8720801","3"
"8721578","6"
"8722818","2"
"8726857","5"
"8732052","1"
"8735132","12"
"8735579","3"
"8744568","4"
"8746360","1"
"8749188","1"
"8750397","3"
"8751018","2"
"8753588","1"
"8758110","0"
"8768703","1"
"8770723","1"
"8775484","4"
"8780278","1"
"8781059","3"
"8782503","3"
"8784650","2"
"8792947","2"
"8805331","3"
"8813126","2"
"8815570","1"
"8821905","1"
"8822429","1"
"8829507","3"
"8830398","3"
"8833474","1"
"8840694","2"
"8844139","1"
"8859700","1"
"8860693","2"
"8861208","2"
"8862456","1"
"8863082","2"
"8863832","2"
"8864239","4"
"8866163","4"
"8873162","1"
"8873451","0"
"8878146","1"
"8878346","2"
"8879114","1"
"8880479","4"
"8882226","2"
"8883814","1"
"8883827","3"
"8884076","3"
"8885261","1"
"8886627","2"
"8890908","1"
"8891849","2"
"8897576","3"
"8897752","1"
"8898086","2"
"8903560","2"
"8908336","2"
"8911574","1"
"8913236","2"
"8919367","1"
"8921251","2"
"8921436","1"
"8921570","2"
"8922293","3"
"8922513","3"
"8927678","2"
"8930952","2"
"8931555","3"
"8932431","3"
"8933962","1"
"8945236","1"
"8947019","2"
"8947180","1"
"8947399","1"
"8947862","0"
"8958928","3"
"8963279","4"
"8963290","1"
"8966134","2"
"8972203","1"
"8973579","1"
"8973808","2"
"8974605","2"
"8975490","1"
"8979768","1"
"8981462","1"
"8989061","1"
"8990575","1"
"8993221","1"
"8996820","7"
"8997849","1"
"8999136","2"
"9002388","1"
"9004919","2"
"9010594","2"
"9014434","1"
"9021414","1"
"9027919","2"
"9027924","2"
"9028058","1"
"9032007","8"
"9033319","5"
"9038298","3"
"9040038","1"
"9043899","1"
"9050587","3"
"9053833","1"
"9056389","1"
"9059027","2"
"9063662","1"
"9064961","1"
"9065848","1"
"9066383","4"
"9066887","0"
"9069019","1"
"9072606","1"
"9079944","3"
"9081516","3"
"9085215","1"
"9088255","2"
"9089056","2"
"9092440","4"
"9094323","3"
"9100233","1"
"9107842","1"
"9110216","3"
"9111777","1"
"9112781","2"
"9116983","1"
"9118793","1"
"9121000","1"
"9122101","3"
"9123595","0"
"9126145","1"
"9128066","3"
"9128499","3"
"9129077","1"
"9132215","1"
"9143321","2"
"9145390","1"
"9145785","2"
"9146498","3"
"9152395","1"
"9158698","2"
"9160628","3"
"9160790","4"
"9162862","7"
"9163714","3"
"9165725","1"
"9165977","1"
"9167582","5"
"9168913","1"
"9170250","1"
"9175711","1"
"9181030","1"
"9184041","1"
"9184234","2"
"9185898","1"
"9193553","2"
"9195290","1"
"9195692","2"
"9196160","2"
"9197083","2"
"9198494","3"
"9204284","1"
"9208583","2"
"9211575","1"
"9212523","1"
"9214424","1"
"9216060","2"
"9218259","3"
"9220036","1"
"9220509","9"
"9222511","3"
"9222580","0"
"9224451","1"
"9225903","2"
"9227795","1"
"9231754","3"
"9232187","1"
"9232704","1"
"9240321","2"
"9241259","1"
"9242724","2"
"9242912","1"
"9244318","4"
"9246743","1"
"9250360","1"
"9250972","1"
"9253902","1"
"9262747","1"
"9266129","1"
"9271433","0"
"9274819","1"
"9283628","4"
"9284786","1"
"9286183","1"
"9287881","0"
"9291910","0"
"9295005","2"
"9295112","1"
"9299403","3"
"9312621","2"
"9314820","2"
"9322756","2"
"9324901","1"
"9324903","4"
"9326264","1"
"9329209","2"
"9330234","1"
"9330814","1"
"9332968","2"
"9334143","1"
"9338418","3"
"9341194","2"
"9353885","4"
"9359228","4"
"9363236","3"
"9365888","2"
"9370785","1"
"9377619","1"
"9381270","1"
"9384133","1"
"9386442","2"
"9390446","3"
"9391929","2"
"9392183","2"
"9394854","2"
"9395690","2"
"9396208","2"
"9401858","2"
"9402974","5"
"9405112","3"
"9406009","1"
"9408113","1"
"9409738","1"
"9410425","2"
"9412997","2"
"9416833","3"
"9420082","2"
"9420538","2"
"9424243","1"
"9426238","3"
"9427593","5"
"9427606","0"
"9428629","1"
"9429756","1"
"9430017","3"
"9432172","2"
"9432967","1"
"9434880","2"
"9437069","2"
"9446063","2"
"9448193","3"
"9453413","3"
"9453869","3"
"9456973","2"
"9457686","1"
"9458431","2"
"9459255","1"
"9460934","1"
"9462380","2"
"9464739","2"
"9466195","1"
"9466255","3"
"9469084","2"
"9469394","1"
"9476138","2"
"9480641","5"
"9481780","2"
"9487370","4"
"9488919","4"
"9495366","3"
"9496447","2"
"9499054","1"
"9501114","1"
"9501120","3"
"9505102","2"
"9505695","1"
"9510646","3"
"9514175","1"
"9518048","1"
"9518984","4"
"9519291","1"
"9522164","0"
"9527104","3"
"9527332","1"
"9533768","2"
"9538842","3"
"9548569","2"
"9549293","4"
"9551029","3"
"9551481","0"
"9552172","1"
"9553277","3"
"9557239","2"
"9558827","1"
"9560596","3"
"9563483","1"
"9563672","3"
"9563768","3"
"9566660","1"
"9569459","2"
"9572612","3"
"9572890","1"
"9576640","1"
"9576665","1"
"9578336","1"
"9598026","1"
"9599180","3"
"9605561","2"
"9607186","1"
"9607351","2"
"9607362","2"
"9609325","4"
"9609497","1"
"9613210","3"
"9613228","2"
"9613933","1"
"9615754","2"
"9617190","3"
"9618886","2"
"9619495","1"
"9621634","1"
"9621641","3"
"9621972","3"
"9627915","2"
"9628239","3"
"9628597","1"
"9633814","1"
"9635815","1"
"9636857","9"
"9643365","1"
"9646608","3"
"9648801","1"
"9652291","2"
"9658239","3"
"9659898","4"
"9661008","2"
"9664171","4"
"9669077","3"
"9670106","1"
"9671890","1"
"9672974","1"
"9674181","1"
"9679323","3"
"9679816","1"
"9683559","1"
"9684114","2"
"9684421","2"
"9685884","6"
"9687348","1"
"9689932","2"
"9690229","2"
"9698816","1"
"9699579","1"
"9700625","3"
"9702505","1"
"9702828","3"
"9702851","2"
"9704133","4"
"9714308","1"
"9714544","1"
"9715268","1"
"9722096","2"
"9722851","1"
"9724442","1"
"9727089","2"
"9730467","2"
"9732346","2"
"9732601","2"
"9733775","1"
"9734584","3"
"9734906","1"
"9736617","2"
"9736667","0"
"9738431","1"
"9750815","3"
"9752190","2"
"9752682","2"
"9758690","1"
"9759188","4"
"9764487","1"
"9770332","4"
"9771625","2"
"9771896","1"
"9777513","1"
"9780537","1"
"9782466","1"
"9784581","1"
"9787313","1"
"9791739","1"
"9796106","1"
"9798346","1"
"9802144","2"
"9809773","2"
"9812285","2"
"9812655","3"
"9815001","3"
"9821570","2"
"9828222","2"
"9830049","1"
"9833527","3"
"9834198","4"
"9834984","2"
"9836831","1"
"9839291","3"
"9846283","1"
"9849253","1"
"9849764","2"
"9852000","3"
"9854564","1"
"9857604","2"
"9858997","1"
"9863777","2"
"9868530","1"
"9869828","1"
"9874133","1"
"9874992","3"
"9877552","3"
"9877818","2"
"9878362","1"
"9878778","2"
"9879389","1"
"9879903","1"
"9883359","8"
"9888231","5"
"9891708","4"
"9894354","4"
"9895358","2"
"9895838","4"
"9907764","0"
"9912648","3"
"9915278","1"
"9918589","1"
"9919589","1"
"9921933","3"
"9922380","1"
"9931300","4"
"9932393","1"
"9934944","6"
"9935984","2"
"9940281","1"
"9944019","1"
"9948586","2"
"9948768","2"
"9950088","4"
"9961417","1"
"9970873","1"
"9976025","1"
"9978522","1"
"9984789","1"
"9986059","2"
"9986799","1"
"9988754","1"
"9999690","1"
"10001104","1"
"10005675","1"
"10006971","1"
"10007109","1"
"10009177","2"
"10015480","0"
"10018657","1"
"10022571","1"
"10023497","1"
"10025697","2"
"10027490","1"
"10032664","1"
"10035376","3"
"10037240","3"
"10040947","3"
"10041083","3"
"10043915","1"
"10045082","1"
"10045840","1"
"10049066","1"
"10049991","1"
"10052084","2"
"10052797","1"
"10053048","6"
"10053202","2"
"10053476","2"
"10054601","1"
"10055735","1"
"10056074","8"
"10060112","1"
"10069872","3"
"10072406","1"
"10078174","1"
"10081973","1"
"10083332","3"
"10084040","1"
"10084179","2"
"10084582","1"
"10087794","2"
"10087881","2"
"10092184","1"
"10103215","1"
"10103940","2"
"10104964","2"
"10107836","1"
"10113954","2"
"10115307","2"
"10116886","2"
"10118572","1"
"10119992","1"
"10122145","3"
"10125770","1"
"10131376","1"
"10131715","2"
"10132267","3"
"10132635","3"
"10134734","3"
"10135452","1"
"10139491","2"
"10147749","2"
"10150964","1"
"10154503","1"
"10161874","1"
"10163090","1"
"10164868","2"
"10166947","2"
"10172404","2"
"10174585","2"
"10177458","0"
"10193567","4"
"10197249","1"
"10199029","3"
"10199463","1"
"10199594","7"
"10199877","2"
"10200551","1"
"10201030","1"
"10204239","3"
"10204266","2"
"10209291","1"
"10211809","2"
"10212752","2"
"10214884","1"
"10220267","1"
"10220574","1"
"10222337","0"
"10224697","1"
"10225989","2"
"10237654","2"
"10241509","3"
"10249017","1"
"10249056","3"
"10252080","5"
"10256416","2"
"10264947","2"
"10266652","2"
"10270159","2"
"10270642","1"
"10270925","2"
"10276519","1"
"10278731","1"
"10280637","3"
"10281552","1"
"10291714","3"
"10295446","3"
"10296259","1"
"10297825","2"
"10304635","1"
"10304791","1"
"10307169","3"
"10307180","1"
"10307224","1"
"10312229","2"
"10313920","1"
"10314167","1"
"10315420","1"
"10316359","2"
"10318368","3"
"10320517","2"
"10323807","1"
"10328279","1"
"10328980","1"
"10329299","5"
"10332892","1"
"10333348","1"
"10333953","2"
"10336535","3"
"10338562","2"
"10338574","2"
"10341001","1"
"10348137","1"
"10354035","1"
"10357630","1"
"10358226","1"
"10361510","4"
"10364442","2"
"10367581","1"
"10368785","2"
"10369655","1"
"10378066","3"
"10383779","3"
"10384718","2"
"10385496","1"
"10387328","1"
"10388272","3"
"10388742","1"
"10393951","3"
"10396762","2"
"10400649","1"
"10405307","1"
"10405986","1"
"10417250","4"
"10422503","2"
"10424287","4"
"10425505","3"
"10431256","2"
"10433122","1"
"10438379","3"
"10439698","2"
"10443642","4"
"10451810","1"
"10455724","1"
"10457346","2"
"10463849","2"
"10463887","1"
"10474852","1"
"10484455","1"
"10485430","1"
"10486979","2"
"10487039","3"
"10487073","1"
"10490150","1"
"10491103","2"
"10491138","1"
"10498237","4"
"10501607","4"
"10504016","2"
"10512748","1"
"10513035","2"
"10520997","5"
"10521467","1"
"10521826","4"
"10523837","1"
"10524824","2"
"10525111","1"
"10525683","1"
"10526458","1"
"10526465","1"
"10527481","2"
"10529390","2"
"10531319","2"
"10532966","2"
"10533116","0"
"10533604","2"
"10534707","2"
"10536930","3"
"10538253","1"
"10549974","1"
"10551869","1"
"10553706","3"
"10555713","1"
"10561114","2"
"10562577","0"
"10565956","1"
"10568432","1"
"10570723","1"
"10572976","2"
"10573853","4"
"10578106","3"
"10579843","1"
"10581341","1"
"10583479","2"
"10584827","1"
"10585366","1"
"10586551","1"
"10591450","1"
"10601987","2"
"10602747","2"
"10603118","1"
"10603870","3"
"10606254","1"
"10609201","1"
"10618489","3"
"10621790","1"
"10623402","2"
"10627048","1"
"10628062","1"
"10628687","1"
"10630574","2"
"10631986","4"
"10633651","2"
"10645512","3"
"10646435","3"
"10647100","1"
"10647234","2"
"10648467","1"
"10650541","1"
"10654888","3"
"10665070","3"
"10666848","2"
"10667603","1"
"10669941","2"
"10672065","1"
"10676938","1"
"10678734","2"
"10678796","1"
"10681434","1"
"10685068","2"
"10688864","1"
"10689257","3"
"10689444","2"
"10690710","2"
"10693295","1"
"10695284","1"
"10697923","1"
"10703120","1"
"10709748","1"
"10713175","0"
"10720406","3"
"10721811","6"
"10733338","1"
"10738123","1"
"10740308","1"
"10745893","1"
"10748798","1"
"10752219","1"
"10757463","1"
"10759098","2"
"10759461","1"
"10763543","2"
"10763949","2"
"10766770","1"
"10766891","2"
"10767954","2"
"10770056","2"
"10775746","2"
"10779188","2"
"10784032","2"
"10789914","1"
"10789953","0"
"10793172","1"
"10793970","1"
"10797671","2"
"10800857","1"
"10801288","1"
"10807029","2"
"10809259","2"
"10812588","1"
"10814952","3"
"10817964","1"
"10819795","1"
"10823080","1"
"10826186","1"
"10828250","1"
"10831801","2"
"10833483","1"
"10835954","2"
"10838214","1"
"10838326","1"
"10840772","1"
"10844717","1"
"10845328","0"
"10846123","1"
"10847109","3"
"10850553","2"
"10852374","1"
"10852853","1"
"10856873","1"
"10860235","1"
"10860819","2"
"10862271","1"
"10864584","2"
"10864839","1"
"10864963","1"
"10866978","1"
"10875483","2"
"10878370","2"
"10879375","2"
"10880286","1"
"10881293","3"
"10889357","3"
"10893160","1"
"10895943","2"
"10897753","1"
"10898017","2"
"10899620","2"
"10900957","2"
"10910127","3"
"10916284","6"
"10920102","1"
"10922104","3"
"10922396","1"
"10929221","1"
"10932509","1"
"10933389","0"
"10934038","2"
"10938140","1"
"10938285","3"
"10939971","1"
"10940854","2"
"10944118","1"
"10944453","2"
"10947694","2"
"10951054","1"
"10951267","1"
"10954166","7"
"10959613","0"
"10960380","1"
"10961528","2"
"10963209","2"
"10963242","3"
"10964915","3"
"10982723","6"
"10983839","0"
"10984150","2"
"10985918","2"
"10989802","1"
"10991300","1"
"10993984","1"
"10996906","2"
"10999542","2"
"11000643","1"
"11003249","2"
"11006555","1"
"11008381","2"
"11009296","3"
"11012356","1"
"11014124","1"
"11020066","3"
"11020070","4"
"11020751","1"
"11020846","2"
"11021797","1"
"11023920","1"
"11028106","2"
"11028932","4"
"11032128","1"
"11036120","1"
"11037213","4"
"11038266","1"
"11039983","2"
"11041589","2"
"11043296","1"
"11044888","1"
"11045327","1"
"11051205","7"
"11053421","1"
"11057129","1"
"11058220","1"
"11065598","1"
"11068108","0"
"11069044","4"
"11070485","1"
"11072109","1"
"11075742","3"
"11079133","1"
"11080151","1"
"11089779","1"
"11094197","1"
"11095858","0"
"11096072","3"
"11101977","1"
"11102449","1"
"11105718","2"
"11107456","2"
"11112586","1"
"11114805","1"
"11118193","2"
"11126027","3"
"11126315","3"
"11131876","1"
"11139587","2"
"11142160","0"
"11147044","2"
"11147874","1"
"11148090","2"
"11150057","1"
"11151362","2"
"11153484","2"
"11153955","2"
"11154263","1"
"11156275","4"
"11159544","2"
"11164843","1"
"11167882","1"
"11174961","2"
"11177546","2"
"11184890","0"
"11185018","2"
"11185521","2"
"11188945","0"
"11189251","1"
"11190045","1"
"11195970","3"
"11203550","1"
"11205826","2"
"11206485","2"
"11209259","1"
"11211239","1"
"11212945","2"
"11222488","1"
"11222676","2"
"11229032","1"
"11229119","1"
"11229549","1"
"11232284","3"
"11242149","1"
"11242293","0"
"11251392","1"
"11253485","1"
"11254235","1"
"11256313","1"
"11256831","1"
"11256915","2"
"11257620","3"
"11260036","3"
"11261445","4"
"11264520","1"
"11266878","1"
"11267119","2"
"11268580","2"
"11271596","5"
"11272916","1"
"11274958","1"
"11278810","2"
"11284712","1"
"11286984","1"
"11290950","2"
"11292837","1"
"11295749","1"
"11295760","0"
"11297292","2"
"11299056","1"
"11299688","4"
"11302771","3"
"11303831","2"
"11308739","3"
"11310917","2"
"11311247","1"
"11312185","1"
"11313804","1"
"11314373","4"
"11318790","1"
"11320624","1"
"11321321","1"
"11323621","1"
"11329994","2"
"11334582","4"
"11339958","2"
"11344939","1"
"11347211","3"
"11351651","8"
"11353559","0"
"11358248","1"
"11358470","1"
"11360889","1"
"11366262","3"
"11370086","1"
"11370170","1"
"11370235","2"
"11371021","2"
"11371433","2"
"11372390","1"
"11374226","2"
"11379863","1"
"11383579","2"
"11383935","2"
"11383960","2"
"11384820","2"
"11390365","1"
"11397496","0"
"11405856","2"
"11408935","0"
"11411475","1"
"11411758","1"
"11411887","1"
"11413446","1"
"11413576","4"
"11414694","1"
"11416709","1"
"11418211","3"
"11418236","3"
"11422736","2"
"11425041","1"
"11425216","2"
"11428250","5"
"11432396","1"
"11436193","2"
"11437908","0"
"11443759","1"
"11446879","1"
"11448428","1"
"11454804","2"
"11456408","0"
"11463421","2"
"11464672","1"
"11465936","2"
"11473724","2"
"11480737","1"
"11483638","1"
"11483647","6"
"11486894","1"
"11486904","3"
"11493254","1"
"11498229","2"
"11503261","2"
"11503694","1"
"11504575","1"
"11505547","1"
"11505850","1"
"11506228","1"
"11508587","1"
"11514132","1"
"11515042","1"
"11523263","1"
"11524528","1"
"11525074","2"
"11526799","2"
"11529763","2"
"11532082","3"
"11535639","1"
"11538624","2"
"11540990","1"
"11541097","1"
"11542617","1"
"11542920","2"
"11543320","1"
"11544475","1"
"11553458","3"
"11554432","7"
"11555308","4"
"11556642","2"
"11558090","1"
"11560470","2"
"11561886","2"
"11562652","1"
"11564422","1"
"11568240","2"
"11569891","2"
"11570654","1"
"11570763","1"
"11571932","1"
"11578214","1"
"11580101","1"
"11582248","2"
"11586575","1"
"11592124","1"
"11594174","2"
"11600509","5"
"11605929","1"
"11607642","2"
"11619631","1"
"11621724","2"
"11624940","2"
"11627079","1"
"11628256","2"
"11630023","1"
"11630070","4"
"11638089","3"
"11639735","3"
"11652254","1"
"11652813","1"
"11655730","1"
"11656095","1"
"11658733","1"
"11663728","1"
"11664078","2"
"11664158","1"
"11664710","1"
"11667480","2"
"11667711","1"
"11673070","1"
"11674676","3"
"11676035","4"
"11679126","3"
"11685206","8"
"11689438","5"
"11691827","3"
"11692305","1"
"11696898","1"
"11697947","1"
"11698529","1"
"11700080","1"
"11704200","3"
"11706802","2"
"11707976","4"
"11709694","1"
"11709698","1"
"11715019","5"
"11717146","1"
"11725969","2"
"11727526","3"
"11729036","1"
"11729092","6"
"11735842","2"
"11737850","1"
"11737908","2"
"11746743","2"
"11749577","1"
"11750867","1"
"11751692","2"
"11757132","1"
"11762184","1"
"11773961","1"
"11776627","0"
"11776761","1"
"11785142","1"
"11785609","2"
"11786309","4"
"11790399","4"
"11793028","1"
"11796651","1"
"11801490","1"
"11805375","1"
"11807869","3"
"11818217","1"
"11822355","2"
"11824929","2"
"11825013","1"
"11825623","1"
"11826467","1"
"11829318","2"
"11829711","3"
"11830389","1"
"11833802","1"
"11835272","2"
"11839523","4"
"11840660","3"
"11843336","2"
"11847830","5"
"11850350","1"
"11857131","2"
"11858240","1"
"11859610","0"
"11865232","3"
"11867806","0"
"11871789","1"
"11889633","2"
"11893763","1"
"11895059","0"
"11897364","1"
"11899891","3"
"11900593","1"
"11901799","1"
"11905104","1"
"11906483","3"
"11909406","1"
"11909775","4"
"11911679","3"
"11913166","2"
"11916151","1"
"11917742","4"
"11917776","2"
"11921670","1"
"11923948","1"
"11926724","2"
"11927597","3"
"11928521","1"
"11932439","1"
"11933622","2"
"11935884","4"
"11938300","2"
"11939206","1"
"11939226","2"
"11944347","1"
"11947131","1"
"11948202","1"
"11948276","2"
"11955590","2"
"11958645","3"
"11961332","1"
"11966597","1"
"11968875","1"
"11972892","1"
"11977727","0"
"11978796","1"
"11984210","5"
"11987088","1"
"11990941","2"
"11991504","1"
"11992739","1"
"11993095","2"
"11993135","1"
"12000541","4"
"12002772","2"
"12010043","2"
"12010665","4"
"12018800","0"
"12020226","2"
"12022132","2"
"12026149","2"
"12032220","6"
"12042982","1"
"12047003","1"
"12049469","3"
"12058199","1"
"12058582","0"
"12076096","3"
"12077597","5"
"12078602","3"
"12079194","2"
"12085786","1"
"12087288","1"
"12087348","1"
"12093613","2"
"12095269","3"
"12097557","1"
"12106780","2"
"12108068","2"
"12110382","1"
"12116767","1"
"12118170","1"
"12118355","1"
"12118531","1"
"12126142","1"
"12131529","2"
"12133327","4"
"12133923","2"
"12134740","1"
"12136030","3"
"12136260","2"
"12142381","2"
"12142907","5"
"12142940","3"
"12147272","2"
"12148294","2"
"12149696","1"
"12151447","2"
"12152247","3"
"12153352","2"
"12154572","2"
"12156079","0"
"12162223","5"
"12169818","6"
"12170375","2"
"12175433","2"
"12190282","5"
"12190435","3"
"12193081","2"
"12194284","3"
"12196094","1"
"12198826","2"
"12199805","1"
"12201487","4"
"12218887","2"
"12222521","1"
"12224770","1"
"12226256","2"
"12229265","1"
"12231665","4"
"12234157","1"
"12236005","1"
"12236894","3"
"12240355","1"
"12244177","1"
"12245268","1"
"12245315","1"
"12247040","3"
"12249235","3"
"12269412","1"
"12269660","1"
"12274018","2"
"12274538","3"
"12284214","1"
"12286143","1"
"12287120","5"
"12289717","6"
"12291043","2"
"12294421","1"
"12298556","3"
"12301273","0"
"12302230","1"
"12305309","1"
"12310196","2"
"12311432","1"
"12312174","1"
"12315043","1"
"12315369","2"
"12315755","2"
"12316784","2"
"12318904","1"
"12319599","2"
"12322754","2"
"12324921","2"
"12328132","2"
"12329760","3"
"12331595","2"
"12334536","1"
"12336340","2"
"12338514","1"
"12338555","1"
"12343806","2"
"12345422","2"
"12346042","1"
"12348563","1"
"12351195","1"
"12359513","4"
"12360646","2"
"12363606","1"
"12367317","2"
"12372856","2"
"12375749","1"
"12378114","1"
"12385251","4"
"12391785","1"
"12398205","1"
"12399519","1"
"12401087","1"
"12404038","1"
"12407209","1"
"12408135","1"
"12408454","2"
"12413335","1"
"12420384","1"
"12424684","2"
"12430126","1"
"12430248","0"
"12433283","1"
"12437027","1"
"12444915","2"
"12446965","2"
"12447182","1"
"12448677","2"
"12450512","5"
"12455216","0"
"12456237","2"
"12459896","3"
"12461484","7"
"12463939","4"
"12465931","1"
"12469399","1"
"12471861","3"
"12471999","5"
"12479180","2"
"12479398","1"
"12486090","1"
"12487484","1"
"12489202","1"
"12490011","2"
"12492446","1"
"12492554","3"
"12495746","2"
"12495872","1"
"12495944","1"
"12507697","1"
"12509316","2"
"12509363","3"
"12512455","2"
"12520006","2"
"12523516","2"
"12523565","2"
"12536086","2"
"12538227","1"
"12544971","1"
"12548264","1"
"12564617","2"
"12566876","4"
"12568581","2"
"12574701","2"
"12577844","1"
"12578244","3"
"12578851","3"
"12586899","2"
"12587513","3"
"12590075","2"
"12591391","1"
"12596280","2"
"12600157","2"
"12602234","1"
"12605467","1"
"12610217","2"
"12612747","2"
"12617565","2"
"12620124","2"
"12629204","1"
"12629530","3"
"12631064","1"
"12640296","1"
"12644304","1"
"12645312","1"
"12655250","2"
"12655274","1"
"12672465","1"
"12680113","2"
"12680408","1"
"12684364","3"
"12685332","1"
"12698139","3"
"12699359","2"
"12703851","1"
"12710775","2"
"12711892","1"
"12715483","4"
"12729046","1"
"12731283","2"
"12732275","3"
"12734155","1"
"12742438","1"
"12749457","1"
"12750200","1"
"12753781","1"
"12756454","2"
"12758277","3"
"12759813","1"
"12770244","2"
"12782980","2"
"12785001","3"
"12786774","2"
"12790459","2"
"12792604","1"
"12799539","4"
"12800119","2"
"12806370","1"
"12810999","2"
"12813918","2"
"12819784","1"
"12824458","0"
"12829086","1"
"12832354","1"
"12839626","2"
"12842822","2"
"12856140","4"
"12857875","0"
"12861325","1"
"12864120","4"
"12865207","2"
"12865943","2"
"12866881","2"
"12876014","4"
"12877812","1"
"12881374","1"
"12886341","1"
"12889953","2"
"12891646","1"
"12893241","0"
"12894722","3"
"12895031","1"
"12899051","1"
"12903149","1"
"12909102","1"
"12917137","2"
"12923662","3"
"12926229","2"
"12926554","1"
"12926997","7"
"12929335","1"
"12929410","3"
"12938517","1"
"12942225","1"
"12943320","1"
"12945099","1"
"12945681","2"
"12950381","2"
"12952325","0"
"12952449","3"
"12953672","1"
"12956995","1"
"12960235","2"
"12960852","2"
"12962286","1"
"12964071","1"
"12973229","1"
"12973277","1"
"12973438","1"
"12977135","1"
"12977299","1"
"12981148","3"
"12981977","2"
"12984304","1"
"12984772","1"
"12992357","1"
"12999999","1"
"13000770","1"
"13003636","3"
"13006889","0"
"13009617","1"
"13016179","1"
"13018808","1"
"13019383","1"
"13022944","0"
"13025223","3"
"13027460","2"
"13028345","2"
"13029593","1"
"13032107","3"
"13036992","3"
"13038646","1"
"13043648","2"
"13046440","0"
"13050535","1"
"13051293","2"
"13053526","1"
"13054152","2"
"13055491","1"
"13060883","2"
"13061216","1"
"13065012","4"
"13067974","2"
"13071139","2"
"13078172","3"
"13082841","2"
"13087824","3"
"13088569","3"
"13089557","1"
"13092186","1"
"13092936","2"
"13098517","1"
"13098680","1"
"13102463","1"
"13103707","3"
"13104396","2"
"13114580","2"
"13119416","1"
"13120384","1"
"13121356","1"
"13129657","1"
"13133326","1"
"13137825","2"
"13147132","2"
"13151140","1"
"13151549","3"
"13152150","2"
"13164261","1"
"13168968","3"
"13178691","1"
"13181156","3"
"13182706","1"
"13187919","2"
"13188576","3"
"13192432","1"
"13193691","1"
"13198004","1"
"13203277","2"
"13206654","2"
"13208062","1"
"13211458","0"
"13215233","3"
"13216853","3"
"13226794","1"
"13227717","2"
"13232622","3"
"13238074","2"
"13239656","4"
"13240220","1"
"13242049","2"
"13244205","0"
"13246540","2"
"13248496","1"
"13248786","1"
"13250126","1"
"13253170","1"
"13260714","1"
"13261277","1"
"13261794","3"
"13265220","0"
"13269574","0"
"13271184","2"
"13276725","3"
"13279689","3"
"13281826","2"
"13285034","1"
"13285799","1"
"13286588","1"
"13292043","2"
"13292428","1"
"13296586","4"
"13298299","1"
"13298904","0"
"13307273","2"
"13309960","3"
"13314447","2"
"13320051","2"
"13333140","2"
"13335098","1"
"13343186","5"
"13344937","1"
"13345506","2"
"13346084","0"
"13349768","1"
"13351787","2"
"13360648","1"
"13360932","1"
"13361133","2"
"13361790","2"
"13363383","1"
"13364481","2"
"13368631","1"
"13369615","2"
"13370971","1"
"13371982","1"
"13372160","1"
"13382674","2"
"13383006","3"
"13384008","2"
"13385432","1"
"13388098","0"
"13393790","2"
"13398996","1"
"13402340","1"
"13402965","1"
"13413292","1"
"13416945","1"
"13420748","1"
"13427895","3"
"13430415","1"
"13431662","2"
"13433529","7"
"13438540","1"
"13440664","1"
"13443450","1"
"13450888","1"
"13455344","4"
"13457500","1"
"13458377","1"
"13465967","1"
"13467341","1"
"13468589","1"
"13469089","0"
"13470066","1"
"13472782","3"
"13473781","0"
"13475845","2"
"13476316","2"
"13484426","4"
"13484726","6"
"13490680","4"
"13494691","2"
"13496436","2"
"13503482","3"
"13505628","1"
"13512026","2"
"13514256","2"
"13516266","0"
"13517526","2"
"13524289","2"
"13535584","2"
"13537945","1"
"13539058","1"
"13544037","1"
"13554297","1"
"13560021","1"
"13562737","1"
"13564803","1"
"13565360","1"
"13571042","3"
"13572673","1"
"13574043","1"
"13586476","2"
"13588822","2"
"13596883","1"
"13603437","1"
"13606922","3"
"13610452","1"
"13611881","0"
"13613037","1"
"13614655","1"
"13625131","1"
"13629469","2"
"13632865","1"
"13639759","1"
"13641563","1"
"13649364","1"
"13650216","3"
"13652842","2"
"13654271","1"
"13654400","2"
"13654443","3"
"13656134","3"
"13659998","1"
"13663788","1"
"13670575","1"
"13671348","1"
"13671487","1"
"13672068","1"
"13674449","6"
"13686106","1"
"13694199","1"
"13694745","2"
"13698942","1"
"13701276","1"
"13713991","1"
"13714948","0"
"13715247","1"
"13720123","0"
"13728623","2"
"13745862","3"
"13750489","2"
"13757312","2"
"13757891","2"
"13761410","2"
"13762727","2"
"13768415","1"
"13774464","2"
"13790054","2"
"13794173","3"
"13794701","2"
"13802564","2"
"13804627","1"
"13805130","2"
"13806699","5"
"13806701","5"
"13818482","2"
"13822575","1"
"13824811","3"
"13826961","1"
"13832301","1"
"13835072","1"
"13842231","1"
"13845469","1"
"13847997","1"
"13850869","2"
"13851921","1"
"13855696","5"
"13857266","3"
"13861924","2"
"13863148","2"
"13869034","4"
"13870158","0"
"13876961","3"
"13883325","1"
"13883568","1"
"13894818","1"
"13896326","1"
"13898662","1"
"13899327","1"
"13904734","2"
"13906965","2"
"13914460","1"
"13915915","1"
"13923292","1"
"13924982","2"
"13931588","1"
"13931824","3"
"13938078","1"
"13938817","2"
"13940050","1"
"13945246","1"
"13948009","3"
"13950446","2"
"13953520","1"
"13955515","3"
"13958921","1"
"13960833","1"
"13962293","1"
"13967691","2"
"13969184","1"
"13977427","0"
"13978546","1"
"13983315","0"
"13983809","1"
"13986332","1"
"13986336","2"
"13987612","3"
"13988239","1"
"13996232","1"
"14008597","0"
"14011684","2"
"14012522","2"
"14017143","1"
"14018821","1"
"14019827","2"
"14022934","2"
"14023486","2"
"14024155","1"
"14024988","2"
"14025773","2"
"14026706","3"
"14027348","2"
"14037271","1"
"14037797","1"
"14038091","2"
"14038374","1"
"14041997","6"
"14042840","2"
"14046883","1"
"14049665","0"
"14052249","4"
"14062002","3"
"14065149","1"
"14069580","2"
"14071750","4"
"14072051","1"
"14073390","0"
"14073595","2"
"14079676","1"
"14079703","3"
"14085333","1"
"14087365","1"
"14090782","0"
"14091995","2"
"14102204","2"
"14102568","1"
"14109626","1"
"14111603","2"
"14119500","0"
"14120747","1"
"14122318","2"
"14124370","2"
"14125194","1"
"14135527","2"
"14137123","0"
"14137184","1"
"14143262","3"
"14149713","1"
"14150168","2"
"14152014","3"
"14153492","1"
"14157976","3"
"14159435","1"
"14159935","3"
"14163273","1"
"14164804","1"
"14170121","2"
"14173354","1"
"14175272","3"
"14176926","1"
"14191419","1"
"14194058","1"
"14202401","1"
"14204173","1"
"14210082","1"
"14212771","1"
"14214406","2"
"14217886","1"
"14218925","4"
"14225179","1"
"14234484","1"
"14248040","1"
"14260665","4"
"14260734","3"
"14260937","1"
"14263791","1"
"14267821","1"
"14268258","2"
"14271450","3"
"14271470","1"
"14273133","5"
"14274145","1"
"14274777","1"
"14277215","0"
"14278235","2"
"14289344","1"
"14292048","2"
"14293859","4"
"14294080","1"
"14298116","3"
"14299212","2"
"14304378","2"
"14307442","2"
"14309839","1"
"14309900","1"
"14311671","1"
"14324089","0"
"14329685","1"
"14333037","3"
"14342665","2"
"14348298","1"
"14348538","2"
"14350455","1"
"14351661","1"
"14351705","1"
"14355681","1"
"14356526","1"
"14361367","3"
"14361414","2"
"14363579","2"
"14365831","1"
"14368374","2"
"14372628","1"
"14377647","2"
"14380829","2"
"14383065","5"
"14383762","1"
"14394803","1"
"14397965","1"
"14398585","1"
"14406281","2"
"14413964","1"
"14418421","1"
"14418889","1"
"14421087","3"
"14422398","2"
"14429537","1"
"14429973","1"
"14430648","3"
"14432897","1"
"14433705","3"
"14437096","4"
"14439555","1"
"14444655","1"
"14445631","1"
"14448359","1"
"14448368","2"
"14449555","1"
"14449679","1"
"14450298","4"
"14460451","2"
"14466087","1"
"14471797","1"
"14472023","1"
"14474810","2"
"14477490","1"
"14478197","4"
"14484377","1"
"14484579","4"
"14485932","2"
"14486814","1"
"14488370","1"
"14494271","1"
"14495284","1"
"14498315","2"
"14499778","2"
"14502450","2"
"14505441","1"
"14506593","0"
"14507906","3"
"14512378","1"
"14516851","3"
"14517788","1"
"14527898","3"
"14529732","3"
"14530514","1"
"14531779","3"
"14536452","0"
"14540481","2"
"14540715","0"
"14541318","1"
"14546056","1"
"14555939","2"
"14557768","1"
"14561666","2"
"14564953","1"
"14565326","2"
"14565680","1"
"14569170","0"
"14570831","4"
"14572558","1"
"14573095","0"
"14582684","5"
"14584787","3"
"14591344","1"
"14591397","2"
"14592733","0"
"14593233","1"
"14599066","1"
"14600099","1"
"14605083","0"
"14606988","3"
"14609705","3"
"14612143","4"
"14613299","1"
"14623402","1"
"14628613","2"
"14630315","2"
"14639879","1"
"14640851","1"
"14644926","5"
"14646078","3"
"14649803","0"
"14650010","1"
"14662313","3"
"14664147","1"
"14664728","3"
"14667189","2"
"14668195","2"
"14671424","1"
"14672620","2"
"14681164","1"
"14683320","4"
"14688019","1"
"14688690","1"
"14689812","4"
"14691163","2"
"14691914","5"
"14695766","1"
"14696889","1"
"14696895","2"
"14699710","1"
"14700220","1"
"14700993","1"
"14704187","1"
"14705003","2"
"14708735","3"
"14711899","1"
"14715297","1"
"14715678","6"
"14721896","0"
"14723312","2"
"14729677","2"
"14729818","1"
"14729981","1"
"14732223","0"
"14735864","0"
"14739942","2"
"14741082","1"
"14741551","3"
"14741762","2"
"14743057","1"
"14749392","2"
"14750629","1"
"14755883","1"
"14757678","2"
"14758753","2"
"14760989","2"
"14767205","0"
"14768433","0"
"14768861","0"
"14772290","2"
"14775464","1"
"14777732","3"
"14779947","1"
"14791361","5"
"14793751","1"
"14794622","1"
"14795341","1"
"14796330","1"
"14801997","0"
"14804297","1"
"14809754","2"
"14816470","1"
"14816971","2"
"14821689","1"
"14824236","4"
"14828463","3"
"14835398","3"
"14836869","0"
"14847315","1"
"14853135","1"
"14853639","5"
"14855902","1"
"14857164","3"
"14858363","1"
"14860203","2"
"14861923","1"
"14874836","1"
"14877780","1"
"14879965","4"
"14881436","0"
"14881642","1"
"14882519","1"
"14882674","0"
"14885420","1"
"14886250","1"
"14887212","2"
"14887790","2"
"14895184","1"
"14897948","1"
"14898571","0"
"14906206","1"
"14912406","2"
"14916004","2"
"14916258","1"
"14916735","1"
"14922302","2"
"14925860","3"
"14927874","1"
"14928519","3"
"14936398","0"
"14937604","1"
"14941073","1"
"14944579","1"
"14948202","1"
"14952842","1"
"14953195","1"
"14956679","1"
"14959960","0"
"14966754","1"
"14967687","2"
"14983541","1"
"14985813","2"
"14988230","1"
"14989396","3"
"14995640","2"
"14997247","0"
"15001246","1"
"15002408","2"
"15004785","1"
"15004933","1"
"15005096","1"
"15006319","4"
"15010664","1"
"15010743","1"
"15012057","3"
"15014494","1"
"15017368","1"
"15017843","2"
"15019961","2"
"15026242","5"
"15026255","2"
"15028120","1"
"15032451","2"
"15034177","1"
"15034828","1"
"15034980","3"
"15035433","1"
"15035794","2"
"15038650","1"
"15039869","4"
"15045422","1"
"15049942","1"
"15054826","1"
"15060741","1"
"15066932","1"
"15077372","1"
"15079308","2"
"15079714","1"
"15080604","1"
"15088985","2"
"15095583","2"
"15098569","2"
"15108591","1"
"15108932","5"
"15110143","1"
"15119992","1"
"15120565","4"
"15121113","2"
"15123233","3"
"15133797","1"
"15135157","1"
"15139305","2"
"15142110","1"
"15142960","1"
"15144880","1"
"15145616","1"
"15153081","1"
"15157397","1"
"15169515","2"
"15170778","4"
"15170808","1"
"15178026","1"
"15181883","1"
"15185908","1"
"15189318","1"
"15192024","2"
"15192184","1"
"15204475","2"
"15207095","3"
"15211609","7"
"15213102","1"
"15214713","4"
"15220733","1"
"15225389","2"
"15228207","1"
"15229309","2"
"15231661","8"
"15232968","2"
"15233473","1"
"15237460","0"
"15240134","1"
"15243928","1"
"15245052","0"
"15245895","1"
"15258888","0"
"15260790","1"
"15261034","2"
"15261875","2"
"15262145","1"
"15265820","0"
"15267127","2"
"15269884","3"
"15270635","2"
"15272645","3"
"15279134","1"
"15281531","3"
"15286072","2"
"15286152","1"
"15288832","1"
"15296503","2"
"15308167","4"
"15310315","1"
"15314220","1"
"15317354","1"
"15319439","1"
"15321983","1"
"15325660","1"
"15327776","4"
"15328152","2"
"15329011","1"
"15329531","2"
"15331081","1"
"15333470","4"
"15333871","2"
"15335034","1"
"15336621","0"
"15338520","2"
"15340677","1"
"15347156","2"
"15350723","3"
"15356154","2"
"15357375","2"
"15359317","1"
"15359423","1"
"15359496","3"
"15364803","1"
"15365501","1"
"15367540","3"
"15370820","2"
"15371384","1"
"15372788","2"
"15373136","2"
"15373501","3"
"15380230","1"
"15394369","1"
"15396139","3"
"15399227","3"
"15402317","1"
"15410675","1"
"15411640","2"
"15412796","5"
"15415889","1"
"15419542","1"
"15421055","0"
"15421086","1"
"15421436","1"
"15422925","2"
"15426388","3"
"15429531","2"
"15437189","2"
"15438791","2"
"15439529","4"
"15440019","1"
"15440567","2"
"15441475","4"
"15442046","1"
"15442299","1"
"15445595","1"
"15448471","2"
"15463581","0"
"15477180","0"
"15484429","1"
"15488200","1"
"15489822","1"
"15490875","2"
"15493183","0"
"15494281","1"
"15497372","2"
"15514291","3"
"15519440","1"
"15520977","1"
"15523242","1"
"15523249","2"
"15523521","1"
"15537775","1"
"15547584","1"
"15552016","1"
"15554296","10"
"15554713","0"
"15556375","4"
"15560151","1"
"15564591","1"
"15569960","1"
"15573879","1"
"15573918","3"
"15575966","1"
"15581559","1"
"15582410","2"
"15586343","1"
"15597413","1"
"15598452","2"
"15600748","1"
"15606751","6"
"15607300","7"
"15614267","0"
"15616453","1"
"15617821","3"
"15618664","1"
"15622924","2"
"15625173","2"
"15626089","1"
"15627866","4"
"15628919","2"
"15643866","0"
"15648361","1"
"15650432","0"
"15650712","2"
"15652816","1"
"15657378","1"
"15657537","3"
"15659624","1"
"15660889","3"
"15662729","3"
"15667392","2"
"15667604","1"
"15672840","0"
"15674954","0"
"15678619","6"
"15679621","0"
"15680513","1"
"15682840","1"
"15685862","2"
"15686821","1"
"15688414","2"
"15693144","1"
"15694312","2"
"15695977","1"
"15699839","2"
"15705410","0"
"15705673","2"
"15707645","1"
"15713089","2"
"15714484","1"
"15725449","1"
"15728636","7"
"15735815","1"
"15736118","5"
"15737706","3"
"15739367","1"
"15739431","1"
"15742123","2"
"15742780","2"
"15752675","1"
"15761210","1"
"15770240","0"
"15776641","1"
"15777143","2"
"15777886","1"
"15782587","1"
"15791352","1"
"15803690","1"
"15805190","4"
"15808851","1"
"15813388","1"
"15816695","4"
"15823575","0"
"15823682","1"
"15823882","2"
"15831936","3"
"15832561","0"
"15837266","1"
"15840162","1"
"15850636","1"
"15854184","4"
"15861616","0"
"15864811","0"
"15866237","1"
"15873069","2"
"15875788","2"
"15877034","1"
"15880608","1"
"15880784","0"
"15886280","3"
"15891402","2"
"15892228","3"
"15897208","2"
"15898300","1"
"15905200","1"
"15905845","3"
"15911941","1"
"15917400","3"
"15923616","1"
"15925961","2"
"15926873","4"
"15927168","3"
"15931204","4"
"15938993","2"
"15944842","2"
"15944940","1"
"15945103","1"
"15947756","1"
"15948699","1"
"15951329","1"
"15953223","1"
"15957231","1"
"15958934","1"
"15959904","2"
"15960803","2"
"15963514","0"
"15967488","1"
"15970132","2"
"15973157","1"
"15973279","1"
"15974141","3"
"15974356","2"
"15975205","2"
"15975566","3"
"15975690","2"
"15977395","3"
"15982244","1"
"15985401","2"
"15994221","2"
"15994234","1"
"15994671","2"
"15994857","1"
"15999437","1"
"15999955","0"
"16000495","1"
"16004314","4"
"16006739","1"
"16008257","1"
"16010484","3"
"16011418","2"
"16020156","0"
"16022227","2"
"16025932","3"
"16030513","1"
"16031252","1"
"16033599","2"
"16040547","2"
"16045884","2"
"16049939","1"
"16052940","2"
"16055800","3"
"16056135","10"
"16057405","1"
"16057992","1"
"16058300","1"
"16061100","1"
"16069099","0"
"16071436","0"
"16077760","1"
"16078181","1"
"16079054","1"
"16079307","1"
"16084324","5"
"16089699","2"
"16095429","1"
"16100063","1"
"16106091","1"
"16108796","1"
"16110042","1"
"16119551","1"
"16119934","1"
"16122671","0"
"16125244","5"
"16128905","1"
"16131762","1"
"16134494","1"
"16142113","5"
"16145695","1"
"16146970","1"
"16150187","2"
"16155188","1"
"16157654","1"
"16162542","2"
"16166391","1"
"16166493","2"
"16168132","3"
"16177767","1"
"16182527","0"
"16185197","1"
"16185720","2"
"16187307","1"
"16189448","0"
"16190610","1"
"16193527","2"
"16194934","2"
"16195779","2"
"16197157","3"
"16197709","1"
"16200528","3"
"16201292","1"
"16202509","4"
"16203019","1"
"16218516","1"
"16218536","1"
"16219239","1"
"16223440","1"
"16228844","2"
"16232040","1"
"16234882","0"
"16235076","1"
"16236141","1"
"16236869","0"
"16240679","2"
"16240756","0"
"16241484","1"
"16241969","1"
"16243953","2"
"16245656","3"
"16247449","1"
"16248435","1"
"16250012","0"
"16250509","2"
"16250796","1"
"16252874","0"
"16253918","1"
"16258830","1"
"16260984","1"
"16261342","1"
"16261819","2"
"16264093","1"
"16269401","0"
"16270985","2"
"16271742","5"
"16274068","0"
"16274394","1"
"16274913","1"
"16275942","1"
"16292593","6"
"16296836","0"
"16302698","3"
"16305495","1"
"16309893","1"
"16310527","1"
"16312784","5"
"16316306","3"
"16316413","0"
"16317635","1"
"16319086","2"
"16325057","2"
"16325378","3"
"16332477","3"
"16334171","2"
"16336169","1"
"16340410","0"
"16341757","2"
"16342837","1"
"16346438","2"
"16348966","0"
"16358332","3"
"16362727","2"
"16363555","2"
"16366008","1"
"16368855","2"
"16369818","2"
"16384715","1"
"16392818","0"
"16393650","6"
"16398157","2"
"16406065","1"
"16408533","1"
"16412304","2"
"16412968","1"
"16413352","1"
"16417715","0"
"16417873","3"
"16420383","2"
"16421488","1"
"16425444","0"
"16426150","3"
"16427894","3"
"16428516","1"
"16433785","5"
"16438487","3"
"16438647","1"
"16441859","2"
"16442830","2"
"16444283","0"
"16453128","1"
"16453632","1"
"16462176","0"
"16462926","2"
"16463123","1"
"16464906","1"
"16468220","2"
"16469266","1"
"16469567","2"
"16475503","0"
"16481216","3"
"16491939","1"
"16496933","1"
"16497523","2"
"16509037","1"
"16516509","0"
"16517097","1"
"16518869","2"
"16518884","2"
"16528002","2"
"16528297","1"
"16529999","3"
"16534654","1"
"16538211","4"
"16541204","2"
"16548808","1"
"16551936","2"
"16552314","1"
"16553208","2"
"16553225","2"
"16566780","1"
"16570395","0"
"16571449","1"
"16572108","3"
"16575204","2"
"16575268","2"
"16586627","1"
"16589526","1"
"16590591","0"
"16596301","1"
"16596808","2"
"16600607","2"
"16602883","2"
"16605769","1"
"16609732","3"
"16612521","3"
"16613293","1"
"16615335","1"
"16616476","1"
"16616498","1"
"16616928","1"
"16623932","1"
"16624500","1"
"16625769","1"
"16633972","1"
"16644314","2"
"16644916","1"
"16645656","5"
"16650566","1"
"16659900","1"
"16662408","5"
"16666587","1"
"16671568","0"
"16675746","1"
"16676386","0"
"16678491","1"
"16683487","4"
"16686718","3"
"16690442","1"
"16691730","1"
"16696337","1"
"16698856","1"
"16698872","1"
"16704238","1"
"16706883","0"
"16732556","0"
"16734201","3"
"16748036","2"
"16766282","2"
"16768310","0"
"16771022","2"
"16771745","1"
"16780184","4"
"16784225","1"
"16784567","1"
"16785883","1"
"16789009","2"
"16789741","1"
"16796903","3"
"16798343","2"
"16802581","1"
"16802962","1"
"16813474","2"
"16814826","2"
"16815784","3"
"16822059","1"
"16823304","1"
"16824252","2"
"16825130","1"
"16830310","4"
"16832785","3"
"16837218","3"
"16840294","1"
"16840776","2"
"16844569","1"
"16844650","1"
"16847936","1"
"16857656","1"
"16861332","1"
"16863995","1"
"16875158","1"
"16875249","2"
"16875885","2"
"16885987","2"
"16890778","1"
"16891729","5"
"16894449","2"
"16896009","3"
"16898211","1"
"16900298","1"
"16907345","1"
"16910296","2"
"16912677","2"
"16915448","2"
"16918816","2"
"16924438","0"
"16933403","1"
"16934927","1"
"16941946","3"
"16948300","2"
"16949311","0"
"16950331","2"
"16950833","7"
"16952845","0"
"16957356","1"
"16957814","2"
"16962710","1"
"16969656","2"
"16972478","1"
"16972968","1"
"16973460","0"
"16977035","1"
"16981441","0"
"16981503","2"
"16987336","1"
"16993620","3"
"16993901","3"
"16994115","2"
"16995306","2"
"16999911","2"
"17001612","0"
"17002296","2"
"17008143","0"
"17012723","2"
"17014394","1"
"17015341","1"
"17021371","2"
"17036754","2"
"17039628","4"
"17041414","0"
"17045358","0"
"17048274","2"
"17055222","4"
"17056263","2"
"17063627","2"
"17074678","2"
"17077962","0"
"17078644","1"
"17081069","1"
"17081609","1"
"17085350","0"
"17092573","1"
"17095165","1"
"17095225","1"
"17097292","1"
"17098095","2"
"17108434","1"
"17112718","1"
"17113712","1"
"17119439","0"
"17134465","1"
"17134553","1"
"17136357","2"
"17141156","1"
"17141571","1"
"17141875","2"
"17151382","2"
"17151865","0"
"17152677","1"
"17162228","1"
"17163600","2"
"17170290","1"
"17173909","1"
"17176987","1"
"17179089","2"
"17185432","1"
"17186464","1"
"17188259","3"
"17188312","1"
"17189018","0"
"17195484","1"
"17196090","5"
"17199374","0"
"17205031","3"
"17205223","1"
"17208378","2"
"17218089","2"
"17219661","1"
"17222853","0"
"17228672","3"
"17229887","3"
"17251368","1"
"17251726","3"
"17258524","1"
"17259962","1"
"17264356","0"
"17266452","0"
"17269949","1"
"17275857","2"
"17278102","2"
"17279079","1"
"17283659","2"
"17286700","2"
"17293340","1"
"17295602","0"
"17303036","1"
"17306076","1"
"17327866","1"
"17328218","2"
"17331370","2"
"17334832","2"
"17336208","2"
"17337366","1"
"17339312","2"
"17341380","2"
"17347669","1"
"17347884","1"
"17355662","1"
"17357753","1"
"17366279","2"
"17370905","1"
"17371569","2"
"17373098","1"
"17377464","1"
"17385947","0"
"17388927","1"
"17389939","1"
"17392272","3"
"17392866","1"
"17400344","2"
"17403418","3"
"17404697","1"
"17405390","3"
"17406691","1"
"17407531","3"
"17409960","1"
"17412793","1"
"17415983","1"
"17419255","0"
"17420537","1"
"17421237","0"
"17425366","1"
"17426298","1"
"17429040","3"
"17429503","1"
"17430947","2"
"17431851","2"
"17434426","1"
"17439121","2"
"17440222","1"
"17443339","3"
"17444838","1"
"17445047","1"
"17445145","1"
"17449469","0"
"17452833","1"
"17457204","2"
"17465041","0"
"17466944","2"
"17468888","1"
"17480809","1"
"17486305","3"
"17486456","3"
"17494839","2"
"17496384","2"
"17497078","1"
"17502412","1"
"17503283","1"
"17503698","2"
"17510415","2"
"17510933","1"
"17512573","2"
"17517038","1"
"17523341","2"
"17524349","4"
"17529071","2"
"17530942","1"
"17531027","1"
"17531059","1"
"17531760","2"
"17543565","1"
"17544937","1"
"17547778","0"
"17572969","1"
"17574263","1"
"17577195","1"
"17580416","2"
"17581936","2"
"17586114","1"
"17604392","3"
"17607604","2"
"17609772","1"
"17614745","1"
"17622859","0"
"17627234","1"
"17630547","2"
"17633963","1"
"17638456","1"
"17640431","2"
"17641957","3"
"17642547","1"
"17645141","3"
"17646882","1"
"17648000","2"
"17648760","1"
"17651495","4"
"17655733","1"
"17657244","1"
"17658219","1"
"17658841","1"
"17666814","1"
"17671747","2"
"17673868","1"
"17674786","1"
"17681123","2"
"17686766","1"
"17689349","2"
"17689477","1"
"17693514","2"
"17696290","1"
"17699559","2"
"17702972","2"
"17708113","1"
"17711924","7"
"17712019","1"
"17715546","1"
"17716110","4"
"17717073","1"
"17717799","2"
"17718248","1"
"17719617","1"
"17722346","2"
"17725396","1"
"17727974","1"
"17728374","1"
"17733899","1"
"17735594","2"
"17738034","3"
"17738441","1"
"17740057","1"
"17740918","2"
"17756236","2"
"17763507","5"
"17773701","2"
"17776915","2"
"17777069","1"
"17780734","1"
"17783785","1"
"17785716","2"
"17793662","1"
"17795987","1"
"17796740","1"
"17803313","0"
"17806729","0"
"17821132","2"
"17821533","1"
"17827941","1"
"17828415","4"
"17833165","0"
"17835726","1"
"17843768","0"
"17844829","1"
"17847308","1"
"17847464","2"
"17860055","1"
"17866121","1"
"17872491","2"
"17873734","2"
"17885081","2"
"17887191","3"
"17889774","3"
"17892193","2"
"17893164","2"
"17897682","1"
"17899091","4"
"17900874","4"
"17904288","2"
"17907565","0"
"17909678","1"
"17911355","1"
"17913300","3"
"17926606","2"
"17932287","1"
"17935398","1"
"17941094","2"
"17946854","1"
"17948657","1"
"17950536","1"
"17951044","1"
"17955240","1"
"17959244","1"
"17960504","1"
"17964602","0"
"17966567","1"
"17967408","1"
"17967598","0"
"17977704","1"
"17978273","1"
"17981145","2"
"17988758","1"
"17997513","1"
"17998296","1"
"18003174","1"
"18003975","3"
"18007198","2"
"18018238","1"
"18032449","2"
"18033982","1"
"18035069","1"
"18038541","1"
"18040092","2"
"18043611","4"
"18044984","2"
"18047811","2"
"18049802","1"
"18051098","1"
"18051805","1"
"18060696","3"
"18063574","2"
"18066204","2"
"18068516","1"
"18072466","6"
"18076206","1"
"18077528","2"
"18080815","3"
"18081228","1"
"18084336","3"
"18091460","3"
"18091983","1"
"18094535","1"
"18097527","1"
"18106120","2"
"18109584","2"
"18118044","0"
"18118824","2"
"18122568","1"
"18122879","2"
"18124403","2"
"18128568","1"
"18133773","0"
"18135721","1"
"18137883","3"
"18149584","1"
"18154406","1"
"18155965","1"
"18164785","2"
"18165307","3"
"18167084","1"
"18167487","2"
"18172599","1"
"18178445","0"
"18179268","2"
"18192975","0"
"18198354","2"
"18202845","1"
"18205947","2"
"18207332","2"
"18213489","2"
"18221862","1"
"18234055","2"
"18235381","3"
"18238982","1"
"18241318","1"
"18242233","1"
"18245096","1"
"18250708","0"
"18254172","1"
"18257702","1"
"18266138","3"
"18266817","1"
"18274701","0"
"18278832","1"
"18279141","9"
"18280379","1"
"18280385","1"
"18282704","2"
"18288756","1"
"18305269","1"
"18307464","1"
"18310876","1"
"18312960","1"
"18320659","1"
"18323235","1"
"18323528","2"
"18327746","1"
"18328664","1"
"18328880","1"
"18330644","1"
"18330677","2"
"18331874","1"
"18342339","1"
"18344338","1"
"18346249","3"
"18347187","1"
"18351906","1"
"18353994","2"
"18357807","1"
"18359470","2"
"18362240","1"
"18368470","2"
"18371168","1"
"18371437","1"
"18372533","1"
"18373325","1"
"18375560","1"
"18377445","1"
"18378780","2"
"18386214","1"
"18389305","2"
"18391058","2"
"18392669","0"
"18392774","1"
"18393487","2"
"18394848","1"
"18395037","1"
"18397641","1"
"18403283","1"
"18404740","1"
"18405596","1"
"18406444","1"
"18409668","3"
"18419771","1"
"18421435","1"
"18421863","1"
"18426544","1"
"18435227","2"
"18435597","1"
"18440953","1"
"18446863","0"
"18447870","2"
"18451843","1"
"18458029","0"
"18472989","1"
"18476217","4"
"18481582","1"
"18482603","1"
"18487719","1"
"18495056","2"
"18499338","5"
"18500412","4"
"18502950","2"
"18506333","0"
"18513602","2"
"18520264","1"
"18520795","0"
"18525802","1"
"18530005","1"
"18537100","4"
"18537768","1"
"18539724","2"
"18539800","1"
"18551821","1"
"18558486","1"
"18560658","0"
"18566305","1"
"18573226","1"
"18575170","1"
"18577635","2"
"18588506","2"
"18590183","2"
"18592536","1"
"18593756","1"
"18596577","1"
"18600446","0"
"18604039","0"
"18604511","2"
"18611745","0"
"18617038","1"
"18617545","1"
"18618707","2"
"18619390","0"
"18622187","1"
"18622430","1"
"18622614","1"
"18629958","1"
"18635394","1"
"18635787","4"
"18643046","1"
"18644945","2"
"18647329","1"
"18648084","8"
"18653528","2"
"18656528","2"
"18657389","2"
"18666518","2"
"18667449","2"
"18673396","1"
"18677114","1"
"18680714","3"
"18685148","4"
"18685840","1"
"18695176","4"
"18696660","1"
"18698656","2"
"18700417","2"
"18703635","1"
"18706875","1"
"18709263","0"
"18715735","1"
"18717091","0"
"18718261","2"
"18720166","0"
"18725055","3"
"18725738","2"
"18727367","2"
"18730716","1"
"18735769","2"
"18747876","0"
"18752181","3"
"18754233","1"
"18754243","1"
"18761331","0"
"18767180","2"
"18772689","1"
"18773272","1"
"18778770","1"
"18789460","4"
"18797177","1"
"18797230","1"
"18803246","1"
"18808137","0"
"18814237","2"
"18817628","1"
"18820749","0"
"18822516","2"
"18824145","1"
"18824665","1"
"18825348","1"
"18840473","1"
"18843873","2"
"18844645","1"
"18845910","1"
"18847492","1"
"18851578","1"
"18851715","1"
"18855610","0"
"18856431","1"
"18856689","1"
"18858251","1"
"18859005","3"
"18865281","0"
"18871770","1"
"18875814","1"
"18877775","1"
"18877874","2"
"18887723","1"
"18887823","3"
"18890525","1"
"18890771","1"
"18895916","1"
"18896045","2"
"18907015","0"
"18908294","1"
"18924560","2"
"18925176","2"
"18926738","1"
"18934557","2"
"18947139","2"
"18952492","2"
"18953707","1"
"18954004","0"
"18954332","2"
"18954995","1"
"18956311","1"
"18971188","1"
"18972232","1"
"18985450","1"
"18986344","1"
"18992868","1"
"18996996","1"
"18997426","1"
"19004761","4"
"19005702","1"
"19008459","2"
"19009246","1"
"19018490","1"
"19019014","3"
"19020409","1"
"19022459","1"
"19022540","1"
"19024902","1"
"19031246","1"
"19038150","2"
"19044449","2"
"19048295","1"
"19052727","1"
"19054029","2"
"19054132","1"
"19055507","1"
"19056994","1"
"19061386","2"
"19061537","1"
"19069806","2"
"19085084","1"
"19087069","1"
"19092267","1"
"19096466","1"
"19099250","3"
"19104075","4"
"19104658","1"
"19114443","2"
"19122059","1"
"19123662","2"
"19127079","2"
"19129088","2"
"19130285","7"
"19130498","2"
"19134941","2"
"19143738","5"
"19144336","2"
"19144505","5"
"19147789","1"
"19148806","3"
"19148876","1"
"19157108","3"
"19161038","1"
"19161819","2"
"19163163","1"
"19163894","0"
"19167653","2"
"19173997","0"
"19177433","2"
"19201461","2"
"19201549","1"
"19201699","2"
"19204403","2"
"19214810","1"
"19215861","1"
"19225124","1"
"19227000","1"
"19230277","1"
"19233661","1"
"19234681","1"
"19239479","2"
"19240824","1"
"19247140","2"
"19249241","1"
"19255457","2"
"19255658","1"
"19257976","3"
"19267068","1"
"19270233","1"
"19275662","1"
"19288789","2"
"19292473","1"
"19295800","1"
"19297531","4"
"19298895","2"
"19299783","1"
"19307909","2"
"19310195","1"
"19310324","1"
"19317126","1"
"19322556","2"
"19322686","1"
"19322745","1"
"19322973","6"
"19323055","0"
"19327651","4"
"19335990","3"
"19339585","1"
"19351499","1"
"19351745","0"
"19352438","0"
"19353908","2"
"19361166","1"
"19364740","0"
"19365940","1"
"19366396","3"
"19375173","1"
"19377348","1"
"19377865","1"
"19379875","2"
"19385412","1"
"19389880","1"
"19400729","2"
"19403908","1"
"19407214","1"
"19410688","1"
"19413228","1"
"19418021","1"
"19419434","1"
"19419451","3"
"19424410","0"
"19428291","2"
"19431431","3"
"19438964","2"
"19438979","1"
"19447199","1"
"19455137","1"
"19460186","1"
"19462584","1"
"19465967","1"
"19467313","1"
"19469310","1"
"19474957","3"
"19479405","1"
"19486186","1"
"19486469","1"
"19487407","2"
"19489352","1"
"19490776","1"
"19490931","2"
"19491536","2"
"19496025","1"
"19498128","0"
"19503574","0"
"19511372","1"
"19518755","2"
"19524961","0"
"19527543","3"
"19531589","0"
"19531753","2"
"19531921","0"
"19541604","1"
"19546057","0"
"19546232","1"
"19547481","1"
"19557224","0"
"19566149","1"
"19566366","3"
"19566668","1"
"19570139","1"
"19573342","1"
"19576777","1"
"19580412","4"
"19596945","1"
"19607690","1"
"19613098","2"
"19613192","0"
"19613257","1"
"19614628","1"
"19621369","2"
"19637020","1"
"19637691","1"
"19640115","3"
"19640887","1"
"19641773","2"
"19646551","0"
"19646600","1"
"19646813","1"
"19649435","1"
"19653829","0"
"19655001","1"
"19657191","2"
"19658327","1"
"19660943","2"
"19661023","2"
"19672584","1"
"19674071","0"
"19674669","1"
"19683609","3"
"19687325","1"
"19687443","4"
"19690270","3"
"19698721","4"
"19699977","2"
"19703857","1"
"19705441","1"
"19705997","0"
"19710794","1"
"19711553","1"
"19715323","1"
"19715953","1"
"19721083","2"
"19721087","1"
"19721532","1"
"19732232","1"
"19732894","3"
"19742498","2"
"19743124","11"
"19745160","2"
"19745942","2"
"19745948","2"
"19747299","1"
"19751927","1"
"19752769","2"
"19755259","3"
"19756435","1"
"19758692","2"
"19760019","1"
"19762040","1"
"19768382","2"
"19769177","1"
"19770679","1"
"19771029","1"
"19776513","2"
"19777342","4"
"19779205","1"
"19782047","0"
"19786356","4"
"19786649","2"
"19788160","1"
"19790143","6"
"19796635","6"
"19798703","2"
"19811242","3"
"19812376","1"
"19813376","3"
"19814121","1"
"19816064","1"
"19827787","1"
"19833187","2"
"19837066","1"
"19838352","1"
"19845345","4"
"19848328","1"
"19853597","1"
"19855240","2"
"19856984","1"
"19859296","1"
"19860038","1"
"19861729","1"
"19862691","2"
"19866570","1"
"19869661","2"
"19870051","6"
"19876970","1"
"19880284","1"
"19882089","2"
"19883224","0"
"19885739","1"
"19886906","4"
"19890030","1"
"19891328","1"
"19892879","1"
"19894050","1"
"19895791","3"
"19896452","1"
"19898981","1"
"19911153","1"
"19916060","2"
"19921453","1"
"19924657","1"
"19927069","1"
"19930807","1"
"19931761","0"
"19932599","1"
"19936349","0"
"19936454","2"
"19938048","1"
"19938470","1"
"19942532","1"
"19945006","3"
"19946427","2"
"19946981","5"
"19955882","0"
"19957052","4"
"19958270","0"
"19968385","1"
"19970785","3"
"19973474","1"
"19979196","1"
"19981353","1"
"19985586","4"
"19994845","1"
"19999484","1"
"20000755","1"
"20001772","1"
"20002029","1"
"20003530","2"
"20010372","6"
"20012065","1"
"20013597","0"
"20015192","1"
"20016557","2"
"20016659","2"
"20020189","1"
"20023829","0"
"20025644","1"
"20029552","2"
"20032600","1"
"20036017","2"
"20036395","3"
"20040539","5"
"20041656","8"
"20043095","1"
"20047311","2"
"20047418","1"
"20048081","2"
"20048214","2"
"20051221","1"
"20058862","2"
"20061203","1"
"20062537","0"
"20063731","4"
"20064587","1"
"20064952","1"
"20068721","1"
"20078111","1"
"20080657","0"
"20081081","1"
"20091620","0"
"20094136","1"
"20096898","1"
"20102448","3"
"20102570","4"
"20105103","1"
"20109073","2"
"20118636","1"
"20125786","1"
"20127204","1"
"20134116","2"
"20144135","1"
"20149980","2"
"20150303","1"
"20155780","2"
"20159619","0"
"20161106","2"
"20161879","0"
"20164585","1"
"20171180","1"
"20173491","1"
"20173834","1"
"20175253","1"
"20176040","1"
"20176309","0"
"20182028","1"
"20184767","2"
"20188754","0"
"20209845","1"
"20211805","0"
"20213700","0"
"20214785","2"
"20215202","1"
"20221759","1"
"20226225","1"
"20226471","0"
"20228628","0"
"20228674","1"
"20230264","1"
"20231620","1"
"20238062","1"
"20240136","0"
"20241840","1"
"20244430","0"
"20260097","2"
"20266812","1"
"20269406","1"
"20274286","1"
"20282776","1"
"20290487","2"
"20291515","0"
"20293404","1"
"20295778","1"
"20296812","1"
"20297872","1"
"20298809","2"
"20299985","2"
"20301322","2"
"20303008","0"
"20305384","0"
"20307697","3"
"20311211","1"
"20315820","3"
"20319398","1"
"20321302","1"
"20324657","1"
"20326511","1"
"20327145","1"
"20339062","1"
"20342716","2"
"20352746","1"
"20358364","1"
"20359312","1"
"20359840","1"
"20361229","1"
"20366549","3"
"20370049","1"
"20374239","2"
"20375973","2"
"20380749","1"
"20380789","0"
"20382553","1"
"20384387","1"
"20396566","2"
"20401429","2"
"20403390","0"
"20404554","1"
"20406736","3"
"20407233","0"
"20410156","0"
"20410567","1"
"20412835","2"
"20422831","2"
"20423952","1"
"20425135","2"
"20428760","1"
"20429601","1"
"20431301","2"
"20431842","0"
"20435059","2"
"20435457","0"
"20436746","1"
"20437179","1"
"20439607","1"
"20447248","1"
"20447615","2"
"20449641","1"
"20451752","2"
"20454980","1"
"20456454","2"
"20464404","2"
"20468373","1"
"20478751","0"
"20479090","1"
"20479752","2"
"20479980","1"
"20480928","0"
"20482004","1"
"20492349","1"
"20493568","1"
"20500820","1"
"20503705","0"
"20504430","2"
"20504846","4"
"20506816","1"
"20507050","1"
"20519043","3"
"20520425","1"
"20522493","2"
"20525085","1"
"20525794","1"
"20526919","1"
"20527716","2"
"20527776","1"
"20528128","1"
"20536853","1"
"20543507","1"
"20554257","1"
"20554331","1"
"20560703","1"
"20566322","3"
"20567286","2"
"20572114","1"
"20573369","0"
"20576530","2"
"20583016","1"
"20587114","1"
"20597001","1"
"20598417","1"
"20600781","1"
"20610799","1"
"20613946","2"
"20614767","1"
"20625825","4"
"20638660","0"
"20645468","2"
"20650011","1"
"20651401","1"
"20653638","1"
"20655302","1"
"20655721","2"
"20655862","1"
"20657863","1"
"20658365","1"
"20664948","2"
"20669454","1"
"20671836","0"
"20672445","4"
"20685807","1"
"20688340","1"
"20690071","2"
"20695429","2"
"20696408","1"
"20708387","2"
"20710725","1"
"20715652","2"
"20715956","1"
"20719200","5"
"20723398","2"
"20727076","1"
"20727613","2"
"20727648","1"
"20729785","1"
"20732252","1"
"20740580","1"
"20741811","1"
"20745843","3"
"20750645","1"
"20757583","2"
"20758597","2"
"20759344","1"
"20760540","1"
"20772648","2"
"20780748","0"
"20790821","2"
"20796042","2"
"20796058","1"
"20796422","0"
"20801952","1"
"20803271","3"
"20805178","2"
"20805236","2"
"20806001","1"
"20806648","2"
"20809711","1"
"20810594","1"
"20811912","2"
"20820547","1"
"20826510","0"
"20830183","1"
"20832008","2"
"20837448","2"
"20841839","1"
"20842060","4"
"20851910","0"
"20854310","2"
"20855597","2"
"20869655","2"
"20870175","1"
"20871030","3"
"20871514","2"
"20876046","1"
"20876249","2"
"20876349","1"
"20876644","1"
"20882322","1"
"20888352","1"
"20895009","2"
"20905546","0"
"20905601","1"
"20914115","1"
"20919529","4"
"20920431","1"
"20921158","1"
"20924993","1"
"20936196","1"
"20938110","1"
"20941995","1"
"20948443","1"
"20949437","2"
"20950767","2"
"20956323","1"
"20957448","1"
"20957953","1"
"20966723","1"
"20973491","1"
"20974137","1"
"20974169","0"
"20974497","1"
"20975107","2"
"20975316","2"
"20976331","3"
"20978325","1"
"20978646","1"
"20978828","2"
"20985940","2"
"20989100","1"
"20995487","1"
"20996926","0"
"21001094","1"
"21002668","2"
"21003216","1"
"21005967","1"
"21008798","0"
"21009072","1"
"21018298","1"
"21018526","2"
"21019348","1"
"21021296","1"
"21022526","1"
"21028233","1"
"21028317","2"
"21032142","2"
"21043769","1"
"21067624","2"
"21068668","1"
"21074315","1"
"21076104","1"
"21082839","1"
"21085502","0"
"21085638","1"
"21085953","0"
"21086103","3"
"21089463","2"
"21091933","1"
"21094531","3"
"21110008","1"
"21117314","1"
"21117593","2"
"21118191","2"
"21128473","0"
"21141716","1"
"21145142","1"
"21146947","1"
"21147368","2"
"21161005","1"
"21162681","1"
"21164254","1"
"21167463","2"
"21168982","1"
"21169608","1"
"21171862","1"
"21172781","1"
"21173696","2"
"21180507","1"
"21180716","4"
"21182815","2"
"21189577","1"
"21191499","3"
"21195042","2"
"21195530","1"
"21196004","1"
"21196973","2"
"21199191","1"
"21206920","4"
"21208148","2"
"21216379","1"
"21216787","6"
"21220878","2"
"21221181","0"
"21223159","1"
"21228452","3"
"21234355","1"
"21234481","2"
"21238199","2"
"21242836","4"
"21244836","0"
"21245096","1"
"21247876","2"
"21248519","4"
"21252327","2"
"21254680","2"
"21261329","1"
"21266541","0"
"21267480","1"
"21270420","1"
"21274725","1"
"21277796","1"
"21284796","2"
"21295938","1"
"21298566","1"
"21298820","1"
"21301674","1"
"21304351","2"
"21305245","2"
"21314214","1"
"21317273","1"
"21318166","2"
"21321327","2"
"21323785","3"
"21326598","1"
"21329707","2"
"21330548","1"
"21340213","1"
"21341054","2"
"21343755","3"
"21350701","1"
"21354559","1"
"21356990","1"
"21359678","1"
"21367907","1"
"21374303","3"
"21380307","2"
"21394033","2"
"21396495","4"
"21404162","1"
"21406884","1"
"21407026","1"
"21409934","2"
"21410695","2"
"21412995","2"
"21415861","2"
"21418029","1"
"21423107","1"
"21424599","6"
"21435774","1"
"21438305","2"
"21454774","1"
"21455346","1"
"21456616","1"
"21463886","2"
"21467727","3"
"21487047","2"
"21488788","4"
"21490047","1"
"21491219","2"
"21491536","1"
"21491641","1"
"21502152","1"
"21502528","1"
"21506176","2"
"21509733","1"
"21511076","0"
"21512688","0"
"21514125","1"
"21522172","1"
"21527401","1"
"21529446","2"
"21532166","2"
"21540631","2"
"21543079","1"
"21555005","1"
"21555926","1"
"21556183","1"
"21561476","1"
"21561516","2"
"21561870","0"
"21563127","0"
"21564354","2"
"21565342","1"
"21566283","1"
"21566730","1"
"21574668","2"
"21576586","1"
"21579553","1"
"21586024","2"
"21586322","1"
"21588836","3"
"21603122","3"
"21603422","1"
"21607383","1"
"21609778","1"
"21613425","1"
"21624432","0"
"21627615","1"
"21627863","2"
"21632696","2"
"21635084","1"
"21635411","1"
"21637147","1"
"21640769","1"
"21642287","0"
"21651898","9"
"21658033","2"
"21663066","0"
"21664522","1"
"21667235","1"
"21668013","4"
"21670796","1"
"21673936","2"
"21676412","1"
"21682476","1"
"21682755","1"
"21683367","1"
"21685389","1"
"21686914","1"
"21691796","3"
"21692255","0"
"21698915","1"
"21704033","1"
"21706356","1"
"21706577","3"
"21713204","1"
"21718625","2"
"21729185","2"
"21732018","5"
"21734909","1"
"21735360","2"
"21737487","1"
"21741803","2"
"21741946","1"
"21757983","1"
"21762991","1"
"21765499","1"
"21768904","1"
"21771142","1"
"21771213","1"
"21772451","1"
"21782280","1"
"21787035","4"
"21793360","2"
"21795118","1"
"21795688","0"
"21797529","1"
"21797989","1"
"21799070","1"
"21801008","2"
"21802417","2"
"21806196","1"
"21810113","1"
"21820661","1"
"21829279","1"
"21829531","1"
"21834653","0"
"21851165","1"
"21852889","4"
"21854991","0"
"21869429","3"
"21869936","1"
"21870225","5"
"21877097","1"
"21878729","1"
"21879638","4"
"21884614","1"
"21897384","0"
"21897905","2"
"21900399","3"
"21901520","2"
"21901795","1"
"21902571","2"
"21906783","1"
"21909799","1"
"21913361","1"
"21913413","1"
"21917080","2"
"21918890","1"
"21920857","1"
"21927667","3"
"21930157","2"
"21931910","3"
"21933484","0"
"21933969","1"
"21939041","0"
"21940416","2"
"21951304","2"
"21954002","1"
"21964593","1"
"21966420","2"
"21970478","1"
"21972793","3"
"21975862","0"
"21979614","0"
"21981243","1"
"21982389","2"
"21983001","1"
"21984948","0"
"21988845","1"
"21995978","1"
"21999572","1"
"22001354","1"
"22001765","2"
"22002999","2"
"22013268","1"
"22013767","1"
"22017294","0"
"22017403","3"
"22019961","0"
"22036208","1"
"22042998","2"
"22047785","1"
"22052285","1"
"22059419","2"
"22061914","1"
"22064972","1"
"22065776","1"
"22072201","2"
"22073516","23"
"22075441","0"
"22077088","1"
"22079315","3"
"22082474","0"
"22085231","1"
"22088073","1"
"22089439","1"
"22100686","4"
"22112175","2"
"22113805","2"
"22114871","0"
"22116549","1"
"22117011","1"
"22119186","1"
"22121195","1"
"22122290","2"
"22130407","1"
"22132775","0"
"22134544","2"
"22145847","0"
"22147257","1"
"22148984","2"
"22149631","3"
"22152302","1"
"22158481","1"
"22161246","1"
"22165144","2"
"22168927","1"
"22172588","1"
"22173033","0"
"22179773","1"
"22183337","1"
"22184531","1"
"22189847","1"
"22192152","2"
"22201872","1"
"22202771","1"
"22203354","1"
"22205922","2"
"22208139","2"
"22210637","2"
"22212931","2"
"22213550","1"
"22223602","1"
"22228262","1"
"22236346","1"
"22241527","1"
"22241881","0"
"22243140","2"
"22249329","2"
"22251603","2"
"22252105","1"
"22255381","1"
"22257391","1"
"22258300","2"
"22258430","1"
"22258587","1"
"22258768","1"
"22265509","2"
"22275440","1"
"22276183","1"
"22276976","1"
"22283373","1"
"22283973","1"
"22284672","1"
"22285887","1"
"22286574","3"
"22287627","1"
"22287795","1"
"22289801","0"
"22293423","3"
"22294284","1"
"22304930","3"
"22307168","1"
"22313370","1"
"22318434","1"
"22321781","1"
"22323414","4"
"22324733","1"
"22325093","1"
"22327174","2"
"22335105","1"
"22335766","2"
"22338713","1"
"22339489","1"
"22343096","2"
"22344772","0"
"22345310","1"
"22351600","2"
"22356218","1"
"22361779","0"
"22363364","1"
"22365257","1"
"22387577","1"
"22388332","0"
"22390583","1"
"22392463","2"
"22393528","3"
"22397394","2"
"22397683","1"
"22398346","1"
"22408825","2"
"22414969","1"
"22416119","1"
"22419032","1"
"22427479","3"
"22427492","2"
"22427836","3"
"22428744","2"
"22431526","3"
"22432513","2"
"22433869","1"
"22434005","0"
"22435241","1"
"22435561","1"
"22441121","1"
"22443960","1"
"22449083","1"
"22451394","4"
"22453603","1"
"22463347","1"
"22467687","1"
"22474097","0"
"22475256","2"
"22482521","1"
"22498733","3"
"22502953","4"
"22503937","2"
"22507981","2"
"22508914","1"
"22509062","2"
"22511656","2"
"22517113","1"
"22517672","3"
"22519572","2"
"22519643","3"
"22520647","2"
"22526024","1"
"22526596","5"
"22527074","2"
"22530926","1"
"22537415","0"
"22538037","1"
"22539834","1"
"22541761","1"
"22543705","1"
"22544053","0"
"22546458","1"
"22546975","2"
"22549251","1"
"22549499","1"
"22550802","1"
"22551313","1"
"22560295","2"
"22569784","1"
"22570709","1"
"22571908","3"
"22573111","1"
"22573871","1"
"22576679","1"
"22579898","2"
"22580559","2"
"22580853","3"
"22582219","1"
"22583655","1"
"22584568","2"
"22585025","2"
"22591252","1"
"22591817","2"
"22592366","2"
"22593063","1"
"22594827","1"
"22598929","3"
"22610761","2"
"22616361","1"
"22622148","1"
"22622428","1"
"22631707","1"
"22637433","2"
"22637587","4"
"22638387","4"
"22640292","1"
"22642116","1"
"22644459","1"
"22651305","0"
"22652127","1"
"22652351","1"
"22655686","0"
"22660492","1"
"22661055","3"
"22664558","1"
"22664629","1"
"22664809","1"
"22665475","4"
"22665484","1"
"22666435","2"
"22666480","1"
"22668045","0"
"22674507","1"
"22676126","1"
"22678032","2"
"22681012","1"
"22682597","1"
"22687135","0"
"22688945","1"
"22691491","0"
"22692109","3"
"22697481","3"
"22698640","1"
"22701864","2"
"22709987","1"
"22712500","0"
"22713890","2"
"22715888","2"
"22724862","1"
"22727295","1"
"22734755","3"
"22736914","1"
"22738924","2"
"22742097","2"
"22743660","2"
"22748275","2"
"22757476","1"
"22759714","1"
"22760124","2"
"22760485","2"
"22765459","1"
"22766016","0"
"22770623","1"
"22772510","2"
"22776422","6"
"22783294","2"
"22786732","2"
"22788031","2"
"22789951","1"
"22791837","0"
"22796020","1"
"22797697","2"
"22801940","3"
"22802225","2"
"22806797","2"
"22807078","2"
"22816617","1"
"22817248","2"
"22820374","1"
"22824057","1"
"22824144","0"
"22824540","1"
"22829337","0"
"22830005","1"
"22832895","0"
"22840191","1"
"22845502","3"
"22846420","2"
"22848242","0"
"22850653","1"
"22851791","1"
"22858497","1"
"22860985","1"
"22863570","0"
"22863889","2"
"22873597","3"
"22875419","2"
"22881051","2"
"22886003","3"
"22890979","2"
"22893744","1"
"22897512","0"
"22905541","2"
"22906705","4"
"22906834","1"
"22909104","5"
"22911248","1"
"22916103","1"
"22916466","2"
"22920337","1"
"22926194","3"
"22932955","1"
"22934662","0"
"22937280","1"
"22937566","0"
"22943631","0"
"22945239","1"
"22945242","1"
"22945313","1"
"22945620","2"
"22953798","0"
"22957830","1"
"22963198","1"
"22965261","1"
"22965635","1"
"22968636","2"
"22973049","3"
"22973084","1"
"22973323","1"
"22974578","1"
"22978451","1"
"22981017","1"
"22981235","1"
"22983156","1"
"22988255","2"
"22991416","1"
"23003884","1"
"23009887","0"
"23010875","3"
"23011520","1"
"23012133","1"
"23015328","1"
"23016244","1"
"23021427","3"
"23021952","2"
"23023893","2"
"23031507","2"
"23032262","1"
"23034904","2"
"23043716","2"
"23053763","3"
"23056347","0"
"23056896","1"
"23065113","1"
"23065773","0"
"23070088","1"
"23072637","1"
"23073207","0"
"23074495","1"
"23078085","2"
"23089521","0"
"23091168","1"
"23091859","2"
"23092411","0"
"23095051","3"
"23096478","1"
"23097263","2"
"23098659","1"
"23105531","1"
"23105614","1"
"23106123","1"
"23109459","2"
"23109542","0"
"23111302","0"
"23111372","0"
"23120115","1"
"23121987","1"
"23124000","2"
"23133447","0"
"23136790","1"
"23138595","2"
"23138890","2"
"23140518","4"
"23146575","1"
"23148072","1"
"23156177","1"
"23157795","3"
"23163118","3"
"23163521","2"
"23170861","1"
"23172588","1"
"23172926","1"
"23174349","2"
"23175045","1"
"23177753","1"
"23178127","1"
"23183991","2"
"23187853","3"
"23188351","1"
"23188931","1"
"23189650","3"
"23189996","1"
"23191447","1"
"23193544","2"
"23200289","0"
"23201917","1"
"23202279","1"
"23203343","1"
"23203732","1"
"23204484","1"
"23208787","1"
"23209672","0"
"23210424","2"
"23211464","0"
"23213234","0"
"23213488","1"
"23213572","2"
"23219340","1"
"23221785","1"
"23224019","0"
"23227616","0"
"23230269","1"
"23236747","1"
"23239479","3"
"23240339","1"
"23249905","1"
"23253301","2"
"23259226","1"
"23259947","1"
"23263161","1"
"23263510","2"
"23266676","1"
"23267800","0"
"23269277","1"
"23269829","1"
"23271602","2"
"23276902","1"
"23278288","1"
"23279208","3"
"23279687","1"
"23285249","1"
"23292391","0"
"23293892","1"
"23293969","1"
"23295253","3"
"23297149","0"
"23299457","2"
"23300655","1"
"23311818","1"
"23315900","1"
"23318880","1"
"23319007","1"
"23319608","1"
"23319887","1"
"23330863","1"
"23333023","2"
"23335010","0"
"23341014","1"
"23341049","1"
"23341928","0"
"23344522","2"
"23346640","3"
"23362962","2"
"23368208","0"
"23371389","1"
"23372245","2"
"23373757","0"
"23373778","0"
"23375431","2"
"23375989","1"
"23378299","1"
"23383331","1"
"23385466","2"
"23387143","2"
"23387924","1"
"23390481","2"
"23392085","2"
"23394154","1"
"23396450","1"
"23415610","1"
"23415865","0"
"23417159","1"
"23420512","1"
"23422079","2"
"23424232","0"
"23432153","1"
"23435013","2"
"23436243","2"
"23438892","1"
"23454761","1"
"23477062","2"
"23488252","2"
"23490403","1"
"23494685","2"
"23495789","1"
"23497904","0"
"23500916","1"
"23501320","1"
"23501858","0"
"23509864","3"
"23531168","1"
"23541881","2"
"23546397","2"
"23547224","1"
"23547673","0"
"23548519","1"
"23550299","0"
"23558490","4"
"23558567","1"
"23560254","2"
"23561104","7"
"23565693","1"
"23573687","1"
"23576970","3"
"23584619","1"
"23593035","1"
"23598278","1"
"23599421","2"
"23601189","1"
"23605700","1"
"23606671","1"
"23606742","1"
"23611227","1"
"23612593","1"
"23612644","1"
"23624627","1"
"23635866","1"
"23637322","1"
"23637597","1"
"23648058","2"
"23652996","3"
"23653658","2"
"23655128","0"
"23655864","2"
"23661928","2"
"23664639","2"
"23667413","0"
"23668299","1"
"23670733","1"
"23673128","1"
"23680857","1"
"23683940","1"
"23686112","1"
"23689126","2"
"23695384","1"
"23697639","1"
"23699959","1"
"23705298","1"
"23707379","1"
"23709895","0"
"23713805","1"
"23714107","1"
"23726117","1"
"23728735","1"
"23730141","1"
"23735200","1"
"23735614","1"
"23737348","2"
"23740077","2"
"23742322","1"
"23742380","1"
"23743543","0"
"23745059","2"
"23748094","2"
"23749368","10"
"23750850","1"
"23758472","2"
"23766738","2"
"23769056","2"
"23771791","1"
"23775907","0"
"23776245","1"
"23777246","1"
"23778232","2"
"23783994","1"
"23785200","0"
"23789871","1"
"23803764","0"
"23804229","1"
"23805446","1"
"23813589","1"
"23826948","0"
"23828089","1"
"23839840","1"
"23844694","2"
"23847616","1"
"23849882","1"
"23861530","1"
"23864036","0"
"23864214","1"
"23864927","2"
"23864976","1"
"23865542","1"
"23868231","2"
"23869311","2"
"23875677","1"
"23877580","1"
"23881534","1"
"23882770","1"
"23885234","1"
"23886360","1"
"23904485","1"
"23906799","3"
"23907606","1"
"23908872","2"
"23909038","1"
"23909102","1"
"23912740","1"
"23914089","2"
"23914506","3"
"23916303","1"
"23925101","0"
"23925143","1"
"23928821","2"
"23932430","2"
"23936585","2"
"23938414","0"
"23946349","1"
"23949300","1"
"23959417","2"
"23959884","2"
"23963170","1"
"23968495","2"
"23971137","1"
"23976934","1"
"23980144","1"
"23984185","1"
"23987734","7"
"23993820","1"
"23998597","1"
"24000834","1"
"24006134","1"
"24009707","1"
"24012978","1"
"24014784","2"
"24018756","1"
"24019660","0"
"24021142","1"
"24025014","1"
"24029889","1"
"24032000","2"
"24033125","2"
"24045401","2"
"24045839","1"
"24054058","1"
"24054754","0"
"24054845","2"
"24055403","1"
"24056582","2"
"24059640","1"
"24062347","0"
"24063316","3"
"24072800","1"
"24080135","0"
"24080630","1"
"24088992","2"
"24090871","1"
"24095929","2"
"24096068","0"
"24101853","1"
"24102455","1"
"24112778","0"
"24117700","1"
"24123440","1"
"24124820","1"
"24126866","0"
"24127098","3"
"24129441","2"
"24131621","1"
"24136219","1"
"24137045","0"
"24137139","1"
"24140133","3"
"24142388","0"
"24143295","1"
"24147057","0"
"24147676","1"
"24151950","1"
"24153370","2"
"24156348","2"
"24159363","2"
"24160989","1"
"24161080","1"
"24164289","2"
"24166903","0"
"24176103","0"
"24177808","0"
"24179889","0"
"24181146","1"
"24182385","0"
"24182505","1"
"24184629","1"
"24186690","0"
"24186827","1"
"24189208","1"
"24189525","2"
"24190673","1"
"24193097","0"
"24193289","1"
"24194756","2"
"24194975","1"
"24195317","1"
"24204802","2"
"24205038","0"
"24208319","0"
"24213181","1"
"24220382","0"
"24224653","3"
"24227422","1"
"24233752","0"
"24238935","1"
"24242289","0"
"24247667","2"
"24257193","1"
"24260797","0"
"24262154","1"
"24264975","1"
"24275389","3"
"24276801","0"
"24282213","0"
"24282527","1"
"24285461","4"
"24288467","3"
"24288603","1"
"24294957","1"
"24301328","0"
"24303971","1"
"24306315","1"
"24306837","0"
"24315040","1"
"24318444","2"
"24325871","1"
"24335818","4"
"24337062","1"
"24338108","3"
"24345118","2"
"24350891","7"
"24353280","1"
"24353620","1"
"24356870","1"
"24363301","1"
"24364278","1"
"24367595","1"
"24368454","1"
"24369088","2"
"24371378","1"
"24378671","1"
"24381079","1"
"24384819","4"
"24386027","1"
"24386336","1"
"24393820","1"
"24394752","4"
"24396870","2"
"24401341","2"
"24404478","4"
"24406560","1"
"24409972","1"
"24413628","2"
"24415476","2"
"24418352","1"
"24418426","1"
"24420304","1"
"24429284","1"
"24429542","1"
"24430054","1"
"24434506","0"
"24435585","4"
"24436226","0"
"24442564","5"
"24444527","2"
"24448207","0"
"24448896","1"
"24450453","1"
"24454490","2"
"24460333","1"
"24462390","2"
"24463993","1"
"24468415","1"
"24478997","2"
"24482793","2"
"24485220","1"
"24486618","0"
"24488512","1"
"24488637","1"
"24489097","2"
"24489398","0"
"24490074","0"
"24499542","1"
"24506949","1"
"24507163","1"
"24510003","2"
"24510221","1"
"24511395","1"
"24513020","2"
"24515223","1"
"24515429","0"
"24516976","1"
"24525555","2"
"24527430","2"
"24528523","1"
"24531307","2"
"24531537","1"
"24533735","1"
"24534682","0"
"24539594","1"
"24541769","0"
"24546397","1"
"24550385","1"
"24552207","1"
"24557680","1"
"24561216","2"
"24569286","2"
"24577018","1"
"24578141","0"
"24578196","2"
"24584015","2"
"24584151","0"
"24584416","1"
"24586407","1"
"24591828","1"
"24592607","2"
"24598823","2"
"24599805","1"
"24600474","1"
"24604447","2"
"24608059","0"
"24610925","1"
"24619390","1"
"24625977","0"
"24631651","1"
"24634110","0"
"24641319","2"
"24650532","1"
"24659166","1"
"24662147","3"
"24666841","1"
"24680302","2"
"24691708","4"
"24696055","0"
"24696629","0"
"24698438","3"
"24699228","1"
"24701068","1"
"24702900","1"
"24702982","1"
"24715272","2"
"24717558","1"
"24717656","2"
"24726223","1"
"24728173","0"
"24728661","1"
"24728724","1"
"24732766","1"
"24734101","1"
"24742676","2"
"24746969","1"
"24749303","2"
"24751934","1"
"24753705","1"
"24754370","1"
"24757314","1"
"24757365","1"
"24758105","2"
"24767232","1"
"24769691","2"
"24770982","0"
"24787953","2"
"24790539","1"
"24792679","2"
"24801064","1"
"24810471","1"
"24810637","1"
"24815514","1"
"24815872","1"
"24825439","2"
"24837974","1"
"24845615","2"
"24848823","2"
"24849755","3"
"24853271","1"
"24854794","1"
"24858701","1"
"24860306","1"
"24860744","1"
"24861627","1"
"24874305","1"
"24876812","1"
"24881849","1"
"24885800","1"
"24886993","0"
"24889923","1"
"24890875","0"
"24894477","1"
"24897634","2"
"24906448","1"
"24910513","1"
"24911004","2"
"24912711","1"
"24913839","1"
"24916287","2"
"24916763","1"
"24924321","4"
"24936397","3"
"24940994","2"
"24941475","1"
"24942347","2"
"24944384","0"
"24965781","1"
"24966348","1"
"24968466","2"
"24974389","2"
"24974796","1"
"24977066","1"
"24981675","1"
"24985105","1"
"24988787","3"
"24997120","1"
"24999411","1"
"24999571","0"
"25004402","0"
"25005363","4"
"25015833","3"
"25024031","2"
"25033561","1"
"25035899","1"
"25038169","2"
"25041929","1"
"25046836","1"
"25046942","1"
"25050109","1"
"25051415","2"
"25055016","1"
"25058207","2"
"25066916","1"
"25086471","2"
"25086964","1"
"25089232","1"
"25098183","1"
"25099387","2"
"25100535","1"
"25103072","2"
"25105217","1"
"25105305","1"
"25109625","2"
"25112140","1"
"25113340","1"
"25115165","1"
"25117877","1"
"25119721","3"
"25122921","1"
"25127305","1"
"25130667","2"
"25133111","2"
"25134909","0"
"25147646","1"
"25148636","0"
"25154075","1"
"25155476","1"
"25158532","0"
"25159356","0"
"25160568","2"
"25161092","1"
"25166694","1"
"25176473","2"
"25178789","1"
"25181029","1"
"25190465","1"
"25191179","2"
"25193717","1"
"25196986","0"
"25199857","1"
"25201711","1"
"25202671","1"
"25210584","2"
"25213699","1"
"25216000","1"
"25217690","1"
"25219045","2"
"25219125","1"
"25220468","2"
"25221691","1"
"25222881","1"
"25225514","2"
"25228399","1"
"25228451","1"
"25228675","0"
"25230330","1"
"25236084","2"
"25236153","1"
"25236746","1"
"25239936","1"
"25249668","0"
"25251917","1"
"25262367","0"
"25263596","3"
"25264750","1"
"25269034","1"
"25269571","1"
"25270247","3"
"25275260","1"
"25290136","2"
"25290719","2"
"25294776","1"
"25298895","1"
"25305909","1"
"25306115","1"
"25311853","1"
"25313584","1"
"25314690","1"
"25316058","2"
"25320348","3"
"25324304","1"
"25328167","1"
"25333514","1"
"25334945","1"
"25338143","1"
"25340447","1"
"25341980","1"
"25345583","1"
"25355687","1"
"25367482","1"
"25380742","2"
"25392173","1"
"25397373","1"
"25399459","1"
"25410112","0"
"25413646","2"
"25416969","1"
"25422218","1"
"25423070","0"
"25425745","1"
"25433075","1"
"25443756","1"
"25444204","2"
"25450069","1"
"25459244","1"
"25465054","1"
"25471574","2"
"25476221","0"
"25481388","1"
"25483577","1"
"25489001","0"
"25489092","1"
"25493688","0"
"25496961","2"
"25501557","1"
"25510685","1"
"25512280","2"
"25514421","0"
"25521386","1"
"25521752","0"
"25524628","0"
"25532508","1"
"25537904","1"
"25545356","1"
"25552491","2"
"25554883","1"
"25555011","4"
"25562410","1"
"25565517","0"
"25568202","1"
"25572988","1"
"25578997","1"
"25585709","2"
"25587389","2"
"25594472","2"
"25600400","0"
"25603604","1"
"25609022","0"
"25612112","2"
"25622277","0"
"25625429","1"
"25626592","1"
"25626760","1"
"25632809","0"
"25634912","0"
"25639344","1"
"25648960","1"
"25650234","3"
"25653701","1"
"25654444","3"
"25655113","1"
"25655233","1"
"25657587","1"
"25666007","1"
"25682037","1"
"25688678","1"
"25688998","0"
"25693535","1"
"25702887","1"
"25702907","1"
"25703092","1"
"25707636","1"
"25716815","1"
"25716922","2"
"25721032","2"
"25735531","0"
"25741583","2"
"25748525","2"
"25754739","2"
"25757681","3"
"25760766","3"
"25761171","2"
"25763414","1"
"25763592","0"
"25763910","1"
"25764001","2"
"25769308","1"
"25769544","1"
"25774391","0"
"25777321","1"
"25780064","1"
"25785249","1"
"25786784","1"
"25789531","1"
"25790544","1"
"25793508","0"
"25806296","1"
"25816602","1"
"25821029","0"
"25822216","1"
"25822745","1"
"25825803","1"
"25828105","1"
"25835348","3"
"25840034","1"
"25846049","1"
"25849076","2"
"25849164","1"
"25850129","1"
"25851374","4"
"25851774","1"
"25852502","1"
"25853425","1"
"25855129","2"
"25856092","1"
"25856425","1"
"25860062","1"
"25863965","1"
"25877910","2"
"25878671","1"
"25879364","0"
"25879534","1"
"25879866","3"
"25886708","0"
"25891361","1"
"25894487","1"
"25901028","2"
"25901975","1"
"25904144","1"
"25912544","2"
"25916171","2"
"25919446","0"
"25920071","1"
"25922941","1"
"25925838","1"
"25930106","2"
"25934793","1"
"25942199","1"
"25945902","1"
"25948230","2"
"25953059","1"
"25953811","2"
"25960965","1"
"25963036","1"
"25964452","1"
"25966645","1"
"25968001","1"
"25968443","1"
"25968595","1"
"25970872","3"
"25973750","2"
"25986119","1"
"25990369","0"
"25995561","1"
"25999422","1"
"26001564","1"
"26013285","1"
"26017149","1"
"26019614","2"
"26019974","4"
"26027385","0"
"26027846","1"
"26029383","3"
"26037343","2"
"26038457","1"
"26039630","3"
"26039920","1"
"26040715","1"
"26042394","1"
"26053195","1"
"26053665","1"
"26054289","1"
"26055875","1"
"26061777","1"
"26063607","1"
"26066029","1"
"26071011","1"
"26072469","1"
"26076266","3"
"26080694","1"
"26082629","1"
"26082965","1"
"26083503","0"
"26083667","1"
"26088298","2"
"26090555","2"
"26090558","1"
"26101407","1"
"26117419","1"
"26119883","0"
"26121108","1"
"26126624","1"
"26132890","1"
"26133150","3"
"26138029","1"
"26141774","2"
"26144412","0"
"26149191","1"
"26151908","0"
"26156532","2"
"26157648","2"
"26159306","1"
"26166088","2"
"26168544","1"
"26174815","0"
"26178652","2"
"26179958","1"
"26181250","1"
"26187733","2"
"26188688","2"
"26198737","1"
"26198971","1"
"26209993","1"
"26211739","2"
"26214041","2"
"26215279","1"
"26221074","2"
"26222480","1"
"26235284","0"
"26236350","1"
"26244067","1"
"26245388","2"
"26245955","2"
"26247427","0"
"26255803","1"
"26259614","1"
"26260120","3"
"26264325","1"
"26272760","0"
"26278565","2"
"26280791","0"
"26281705","2"
"26287618","1"
"26288488","1"
"26289514","1"
"26290038","1"
"26290161","1"
"26298223","1"
"26299639","1"
"26300016","3"
"26301384","3"
"26305808","0"
"26307206","3"
"26313801","2"
"26320941","2"
"26322562","1"
"26324809","2"
"26325264","1"
"26326679","1"
"26327647","0"
"26330477","1"
"26339041","3"
"26339504","2"
"26339708","2"
"26342131","1"
"26357697","0"
"26357958","1"
"26358972","1"
"26366061","0"
"26369128","4"
"26375304","2"
"26379124","2"
"26383803","3"
"26390710","1"
"26396580","4"
"26397864","1"
"26400446","1"
"26424714","1"
"26430922","1"
"26432112","1"
"26435369","1"
"26440942","1"
"26448438","1"
"26449842","0"
"26451649","1"
"26454388","1"
"26456718","1"
"26459583","0"
"26464259","2"
"26466354","1"
"26466510","2"
"26466884","1"
"26467741","1"
"26467899","1"
"26472287","0"
"26479045","0"
"26482147","1"
"26485141","1"
"26493253","2"
"26497267","0"
"26499086","1"
"26501496","1"
"26504765","1"
"26515654","0"
"26520215","1"
"26525868","2"
"26526952","1"
"26527609","1"
"26530250","2"
"26532136","1"
"26536093","2"
"26538618","1"
"26544956","1"
"26546779","1"
"26547247","1"
"26548771","1"
"26550312","1"
"26560717","0"
"26568274","1"
"26573152","1"
"26573713","0"
"26575278","1"
"26581891","2"
"26583594","1"
"26584061","1"
"26584416","1"
"26585108","1"
"26587713","3"
"26589525","2"
"26593503","1"
"26594887","1"
"26598134","0"
"26601114","1"
"26601757","1"
"26601945","1"
"26605606","1"
"26605886","1"
"26609249","1"
"26610274","2"
"26613683","0"
"26615898","1"
"26617646","1"
"26645443","1"
"26646702","1"
"26647685","0"
"26647929","1"
"26656680","2"
"26661882","1"
"26666100","2"
"26666300","1"
"26671599","5"
"26676624","1"
"26677011","1"
"26680879","1"
"26682140","1"
"26695236","1"
"26708592","1"
"26711106","0"
"26717827","0"
"26718522","0"
"26718599","0"
"26718965","4"
"26719759","1"
"26721960","1"
"26723118","1"
"26725877","3"
"26726290","3"
"26731728","1"
"26732703","1"
"26737420","2"
"26739167","12"
"26740186","1"
"26742655","1"
"26758932","2"
"26759086","1"
"26759626","1"
"26761645","2"
"26762527","3"
"26768508","1"
"26773709","1"
"26779360","1"
"26784796","1"
"26791107","3"
"26794321","1"
"26800703","1"
"26803003","2"
"26807801","1"
"26813919","1"
"26817019","0"
"26821946","1"
"26823092","1"
"26829254","4"
"26829410","1"
"26835222","0"
"26835539","1"
"26836213","1"
"26837895","1"
"26839203","0"
"26842638","1"
"26851193","1"
"26855102","1"
"26858946","0"
"26861226","0"
"26864489","1"
"26864543","4"
"26867096","1"
"26869129","0"
"26877356","7"
"26880560","0"
"26883187","2"
"26885460","0"
"26894730","2"
"26901812","1"
"26914249","1"
"26916654","3"
"26916758","1"
"26917476","1"
"26920906","3"
"26922809","0"
"26923553","2"
"26928426","2"
"26940146","1"
"26950251","2"
"26952107","2"
"26957360","1"
"26961227","1"
"26967617","1"
"26968529","1"
"26969565","2"
"26970075","2"
"26971977","1"
"26978516","1"
"26984885","0"
"26991545","1"
"26993155","1"
"26999643","2"
"27001505","1"
"27003372","1"
"27003530","1"
"27006952","1"
"27007774","0"
"27008942","1"
"27009601","1"
"27017851","1"
"27019083","1"
"27023946","1"
"27025513","1"
"27031986","3"
"27036230","1"
"27039986","1"
"27043900","2"
"27048543","1"
"27049357","0"
"27054993","1"
"27061305","2"
"27063289","3"
"27070625","1"
"27081174","1"
"27082972","0"
"27086280","1"
"27087063","1"
"27087778","3"
"27091259","1"
"27108611","1"
"27109736","2"
"27110030","1"
"27115730","1"
"27116114","1"
"27123003","0"
"27130477","1"
"27131224","0"
"27132379","1"
"27132937","2"
"27136934","1"
"27136935","5"
"27138455","0"
"27141075","0"
"27141404","2"
"27143663","1"
"27149890","1"
"27150341","2"
"27167799","1"
"27172198","0"
"27173445","1"
"27173914","1"
"27174971","0"
"27176650","4"
"27177224","1"
"27178755","1"
"27185371","2"
"27191646","1"
"27200511","1"
"27207768","2"
"27210589","2"
"27217767","1"
"27219474","1"
"27221462","1"
"27224417","1"
"27227250","2"
"27228384","0"
"27232591","2"
"27235872","1"
"27236039","2"
"27241611","1"
"27245379","3"
"27246051","2"
"27246458","1"
"27247418","3"
"27248248","1"
"27248926","2"
"27254482","2"
"27261758","1"
"27262009","2"
"27266191","2"
"27267562","1"
"27267911","1"
"27277654","2"
"27278138","1"
"27279523","0"
"27281817","1"
"27284943","1"
"27286719","1"
"27286738","1"
"27293013","1"
"27300409","2"
"27311240","9"
"27313642","1"
"27318686","0"
"27318857","2"
"27322391","1"
"27324301","0"
"27329555","0"
"27331422","0"
"27335570","0"
"27335726","7"
"27347656","1"
"27348266","1"
"27355808","1"
"27358175","1"
"27361811","2"
"27363881","1"
"27364143","1"
"27366134","3"
"27373124","2"
"27375411","1"
"27382917","2"
"27385736","1"
"27388573","2"
"27391278","0"
"27396474","1"
"27396791","1"
"27398034","2"
"27399577","1"
"27400357","1"
"27401156","0"
"27403797","2"
"27407397","1"
"27407985","1"
"27412444","2"
"27415406","0"
"27417295","3"
"27441488","1"
"27446341","1"
"27448191","2"
"27449029","3"
"27453271","1"
"27461936","3"
"27462280","1"
"27463065","1"
"27466541","0"
"27469313","1"
"27480141","1"
"27480278","0"
"27482866","0"
"27486503","1"
"27492444","0"
"27493131","2"
"27498727","2"
"27499377","3"
"27502236","1"
"27503833","2"
"27504861","1"
"27514086","1"
"27516290","0"
"27517883","1"
"27518694","2"
"27518757","2"
"27522063","1"
"27522626","3"
"27523030","1"
"27523111","1"
"27524409","0"
"27527197","1"
"27529701","1"
"27529782","1"
"27531675","0"
"27532715","0"
"27534338","1"
"27535184","1"
"27541755","4"
"27547263","2"
"27553241","1"
"27554236","1"
"27558710","1"
"27564307","4"
"27570642","1"
"27578522","1"
"27588629","1"
"27588829","1"
"27591182","4"
"27591912","2"
"27597144","3"
"27598552","0"
"27599853","2"
"27601418","1"
"27610403","5"
"27611232","0"
"27611908","1"
"27617138","0"
"27622147","0"
"27623020","1"
"27624762","1"
"27631629","5"
"27641044","1"
"27652018","2"
"27656210","1"
"27660098","2"
"27663297","1"
"27663858","1"
"27664413","0"
"27676525","1"
"27680374","1"
"27680854","2"
"27693111","1"
"27695656","2"
"27698977","6"
"27700797","3"
"27719313","2"
"27725839","0"
"27727024","4"
"27734414","2"
"27739502","2"
"27743840","2"
"27746165","2"
"27761362","2"
"27761931","1"
"27762090","1"
"27763420","2"
"27768141","1"
"27768434","0"
"27773824","1"
"27776342","1"
"27776769","1"
"27783360","0"
"27784217","2"
"27785741","2"
"27787474","2"
"27796992","1"
"27799626","1"
"27821248","1"
"27825014","1"
"27826998","1"
"27831154","1"
"27833610","1"
"27835498","1"
"27837674","13"
"27843921","1"
"27850654","2"
"27853753","1"
"27853780","2"
"27859038","1"
"27861740","2"
"27862465","1"
"27868607","1"
"27868732","1"
"27870137","2"
"27874100","1"
"27874277","1"
"27884202","0"
"27886584","1"
"27889668","2"
"27894637","2"
"27897131","1"
"27898930","1"
"27901719","2"
"27901951","1"
"27916829","1"
"27921466","2"
"27921629","6"
"27922583","1"
"27922922","2"
"27926782","0"
"27929304","2"
"27931831","0"
"27933197","2"
"27935592","1"
"27939571","1"
"27943335","1"
"27945479","1"
"27954601","2"
"27954979","1"
"27960541","1"
"27975726","1"
"27976615","2"
"27981222","2"
"27984065","1"
"27985626","2"
"27987040","1"
"27989677","0"
"27991717","2"
"27991996","1"
"27992388","1"
"27997787","1"
"27999607","0"
"28005596","2"
"28007226","1"
"28019980","2"
"28023517","1"
"28025694","1"
"28025742","2"
"28028156","0"
"28028228","1"
"28033695","0"
"28035165","1"
"28037771","1"
"28039810","0"
"28047550","0"
"28047987","2"
"28049529","1"
"28050513","1"
"28050807","1"
"28054478","1"
"28055352","2"
"28055550","1"
"28061251","2"
"28063494","0"
"28065642","2"
"28069603","2"
"28069885","1"
"28071071","1"
"28078671","2"
"28080086","2"
"28080399","0"
"28082806","1"
"28083802","3"
"28090825","1"
"28093960","0"
"28097508","2"
"28103704","0"
"28107735","3"
"28108334","0"
"28109969","1"
"28112943","0"
"28113145","1"
"28113297","2"
"28117220","1"
"28117512","1"
"28135993","1"
"28140068","1"
"28142120","1"
"28142425","1"
"28146653","1"
"28154960","1"
"28155639","1"
"28159071","4"
"28165263","1"
"28168279","1"
"28172246","2"
"28175724","1"
"28186253","1"
"28186833","1"
"28188077","4"
"28190287","0"
"28190858","2"
"28192617","2"
"28197763","1"
"28198011","1"
"28202913","4"
"28203497","1"
"28210511","1"
"28212389","1"
"28212873","1"
"28214909","1"
"28218636","1"
"28220138","1"
"28222970","0"
"28223681","0"
"28229390","2"
"28229976","2"
"28230350","0"
"28230431","0"
"28230882","2"
"28231372","1"
"28238595","1"
"28243884","1"
"28244702","1"
"28246804","2"
"28247821","1"
"28251410","1"
"28268498","1"
"28271804","1"
"28272717","0"
"28276433","0"
"28279815","1"
"28281114","2"
"28284048","2"
"28284485","2"
"28289365","1"
"28295325","2"
"28295533","0"
"28296985","0"
"28301815","1"
"28302381","1"
"28307339","2"
"28309387","2"
"28310617","1"
"28312041","1"
"28319355","1"
"28324408","0"
"28325714","2"
"28332344","1"
"28332448","2"
"28338274","1"
"28339111","1"
"28342059","2"
"28347487","2"
"28349797","1"
"28350390","1"
"28352882","1"
"28353005","1"
"28358806","0"
"28363962","0"
"28364434","2"
"28366961","1"
"28369097","2"
"28378993","1"
"28385962","0"
"28387058","1"
"28389807","1"
"28393946","1"
"28396404","1"
"28401251","1"
"28402205","0"
"28405575","1"
"28409478","1"
"28427817","0"
"28430149","2"
"28433248","1"
"28436332","4"
"28440094","1"
"28441452","1"
"28444819","2"
"28450609","0"
"28454468","0"
"28457826","1"
"28459479","1"
"28459941","1"
"28467747","1"
"28473450","2"
"28481465","0"
"28484691","1"
"28486193","1"
"28490656","1"
"28491255","1"
"28492720","2"
"28495038","0"
"28499419","4"
"28503530","1"
"28504850","1"
"28509820","1"
"28510887","1"
"28515795","1"
"28519973","1"
"28526309","1"
"28530584","2"
"28531669","0"
"28539897","2"
"28551291","1"
"28560511","1"
"28564856","2"
"28565455","1"
"28571386","1"
"28573526","3"
"28573867","1"
"28576367","1"
"28579448","3"
"28582769","2"
"28584379","1"
"28588141","0"
"28589743","1"
"28591058","1"
"28592989","2"
"28601487","0"
"28603711","2"
"28604236","2"
"28607271","1"
"28613831","1"
"28620312","1"
"28620535","1"
"28626509","1"
"28627362","1"
"28627398","1"
"28631684","1"
"28633206","2"
"28634585","1"
"28644457","1"
"28647807","2"
"28650349","0"
"28656073","2"
"28665389","1"
"28671430","1"
"28671639","1"
"28674905","3"
"28676019","2"
"28676933","0"
"28678899","0"
"28680211","2"
"28682272","1"
"28684385","2"
"28690846","0"
"28691048","1"
"28704689","1"
"28708991","0"
"28716669","1"
"28717194","2"
"28722924","0"
"28725183","1"
"28725514","1"
"28734991","1"
"28737300","1"
"28739995","1"
"28745103","1"
"28746237","1"
"28747711","1"
"28751041","2"
"28753381","1"
"28753382","2"
"28756370","1"
"28759160","2"
"28760286","0"
"28762109","1"
"28763692","0"
"28771396","1"
"28776890","1"
"28777759","2"
"28777869","1"
"28778917","0"
"28782204","1"
"28784535","1"
"28785277","2"
"28785880","1"
"28786347","2"
"28790509","1"
"28791185","2"
"28793353","1"
"28795151","1"
"28795984","0"
"28797059","1"
"28798292","1"
"28801452","1"
"28804711","1"
"28806448","3"
"28813644","0"
"28813963","1"
"28814569","2"
"28816363","1"
"28823072","0"
"28824877","0"
"28828643","1"
"28836599","1"
"28836837","4"
"28840932","1"
"28841034","0"
"28846702","2"
"28847015","1"
"28850098","1"
"28852871","1"
"28864115","1"
"28870925","2"
"28871065","1"
"28884929","7"
"28886186","1"
"28890826","1"
"28891658","2"
"28894121","1"
"28900855","2"
"28907237","0"
"28907400","1"
"28908070","1"
"28909812","1"
"28914983","2"
"28918083","1"
"28919980","0"
"28924299","0"
"28931955","0"
"28934786","1"
"28938241","1"
"28941172","1"
"28947748","0"
"28951128","0"
"28952898","2"
"28953719","1"
"28956255","0"
"28957005","0"
"28957720","2"
"28967848","1"
"28975887","1"
"28984037","1"
"28986145","1"
"28986417","2"
"28990364","1"
"28990686","1"
"28996073","0"
"29005814","2"
"29005876","2"
"29019989","0"
"29021622","2"
"29021926","1"
"29022794","1"
"29029410","2"
"29029661","2"
"29029664","2"
"29039773","2"
"29041912","1"
"29050064","2"
"29050575","4"
"29051692","1"
"29057846","1"
"29070321","1"
"29072319","0"
"29072582","2"
"29078346","2"
"29080327","1"
"29081111","1"
"29089539","3"
"29093696","0"
"29095389","2"
"29095864","1"
"29105731","3"
"29106148","0"
"29108282","4"
"29112000","1"
"29117840","0"
"29118324","0"
"29122111","4"
"29122772","1"
"29123209","0"
"29125605","0"
"29127743","2"
"29129037","1"
"29131662","1"
"29135212","1"
"29136415","2"
"29140916","0"
"29142135","1"
"29142980","1"
"29147767","1"
"29148991","1"
"29157638","3"
"29157828","2"
"29162920","1"
"29166265","0"
"29170408","1"
"29173005","1"
"29173480","2"
"29175226","1"
"29175361","0"
"29178176","2"
"29178335","1"
"29178760","2"
"29182621","1"
"29185582","1"
"29194450","0"
"29198717","1"
"29204647","1"
"29207276","2"
"29212523","1"
"29218049","1"
"29222642","2"
"29227178","1"
"29231990","1"
"29232427","5"
"29232705","3"
"29233772","3"
"29233925","0"
"29239046","1"
"29241181","1"
"29246512","2"
"29249447","1"
"29251727","2"
"29255032","3"
"29255100","2"
"29255464","3"
"29256855","3"
"29261805","1"
"29267421","2"
"29270598","2"
"29271819","0"
"29285099","1"
"29288976","0"
"29294685","1"
"29303193","1"
"29306275","2"
"29312538","2"
"29315240","1"
"29319831","0"
"29321994","1"
"29323423","1"
"29325023","1"
"29326156","1"
"29328038","1"
"29329301","1"
"29333659","2"
"29335981","1"
"29336104","1"
"29342932","1"
"29354133","4"
"29360513","2"
"29370821","0"
"29376703","1"
"29380242","1"
"29384203","0"
"29388396","1"
"29391244","2"
"29391615","2"
"29393828","2"
"29397554","1"
"29405405","1"
"29409306","1"
"29410746","5"
"29414646","1"
"29421526","1"
"29421667","1"
"29425930","3"
"29431931","1"
"29432506","2"
"29444629","4"
"29451916","1"
"29453933","0"
"29454005","1"
"29459609","3"
"29466247","2"
"29470550","2"
"29470814","1"
"29473634","1"
"29476637","2"
"29480092","1"
"29482022","1"
"29485360","4"
"29502597","0"
"29503888","1"
"29505723","0"
"29507772","1"
"29510413","1"
"29523227","1"
"29526074","0"
"29527420","1"
"29533965","3"
"29534242","0"
"29540576","1"
"29541471","1"
"29550594","2"
"29551100","1"
"29558430","1"
"29561281","2"
"29566725","1"
"29573810","0"
"29574587","2"
"29575024","3"
"29580742","1"
"29585654","1"
"29587768","0"
"29589289","1"
"29589523","0"
"29590162","1"
"29598313","1"
"29605778","1"
"29607500","2"
"29607614","1"
"29609318","0"
"29611120","1"
"29613940","2"
"29615745","1"
"29623043","2"
"29623497","1"
"29626457","2"
"29626530","2"
"29626719","1"
"29632352","2"
"29637361","0"
"29638061","1"
"29641095","2"
"29641393","2"
"29645313","1"
"29648715","1"
"29658005","0"
"29661083","0"
"29662839","1"
"29662877","1"
"29664390","1"
"29665965","1"
"29669106","1"
"29673077","0"
"29675902","2"
"29679283","3"
"29684777","1"
"29685632","3"
"29688087","1"
"29688911","0"
"29689339","1"
"29692053","2"
"29695355","3"
"29702076","3"
"29707886","1"
"29713273","1"
"29714994","2"
"29720595","0"
"29721721","1"
"29723152","1"
"29725247","0"
"29733861","1"
"29739980","1"
"29746549","2"
"29746700","0"
"29753315","1"
"29756660","2"
"29760373","2"
"29760761","1"
"29760826","1"
"29766390","1"
"29775358","1"
"29776118","1"
"29777257","1"
"29777826","1"
"29779665","1"
"29779721","1"
"29779857","1"
"29780909","2"
"29785054","1"
"29789707","3"
"29798418","1"
"29803162","0"
"29804399","0"
"29812579","0"
"29814097","2"
"29825013","1"
"29825331","2"
"29831324","1"
"29840034","2"
"29840293","1"
"29842044","1"
"29843710","4"
"29845208","0"
"29850048","3"
"29850971","1"
"29852273","1"
"29852290","4"
"29854095","0"
"29856888","1"
"29860673","2"
"29867486","1"
"29868480","1"
"29870928","0"
"29875255","2"
"29892855","1"
"29894294","2"
"29895191","1"
"29898302","1"
"29899006","1"
"29904035","1"
"29906793","1"
"29908959","3"
"29911408","0"
"29922727","2"
"29930378","4"
"29933156","1"
"29934848","1"
"29942458","1"
"29950555","1"
"29951453","2"
"29951867","1"
"29951998","1"
"29952476","2"
"29957203","1"
"29962965","2"
"29964881","1"
"29967006","1"
"29967689","1"
"29971453","1"
"29980759","1"
"29984063","2"
"29986448","1"
"29992344","1"
"29994784","0"
"29997015","1"
"30000098","2"
"30000179","1"
"30000443","1"
"30000666","1"
"30002350","1"
"30006008","1"
"30009184","1"
"30011613","1"
"30011996","1"
"30014927","0"
"30018667","1"
"30021824","0"
"30029806","1"
"30033227","1"
"30043427","2"
"30044135","1"
"30047945","3"
"30053061","0"
"30056306","0"
"30060329","2"
"30062587","4"
"30063383","1"
"30065167","1"
"30068549","1"
"30070275","1"
"30072762","1"
"30074482","1"
"30076093","8"
"30089604","1"
"30089685","1"
"30089937","1"
"30094839","1"
"30095828","6"
"30102825","1"
"30103679","3"
"30103751","1"
"30105064","2"
"30105215","1"
"30106647","0"
"30111268","2"
"30112873","2"
"30113904","1"
"30118001","1"
"30118961","1"
"30122357","1"
"30124559","2"
"30126694","3"
"30131190","1"
"30134098","1"
"30138453","2"
"30143961","1"
"30148171","1"
"30149822","1"
"30152744","1"
"30153959","1"
"30154105","4"
"30154191","1"
"30160199","1"
"30170037","1"
"30178057","2"
"30179170","0"
"30191500","1"
"30192248","1"
"30198429","1"
"30202579","1"
"30203488","1"
"30204611","2"
"30221546","0"
"30225241","1"
"30228375","1"
"30230164","1"
"30231084","1"
"30238365","1"
"30240809","1"
"30244426","1"
"30264487","0"
"30271300","1"
"30275846","0"
"30288925","1"
"30292888","1"
"30295304","1"
"30296014","1"
"30305780","1"
"30309978","0"
"30317454","1"
"30320576","1"
"30326676","1"
"30341327","4"
"30345872","1"
"30347028","1"
"30349445","2"
"30351926","2"
"30353439","1"
"30355247","1"
"30360920","2"
"30363634","1"
"30368425","2"
"30375452","1"
"30376430","2"
"30378227","1"
"30379624","0"
"30382014","1"
"30382487","1"
"30385991","1"
"30386123","1"
"30391730","1"
"30392997","1"
"30394173","1"
"30401240","1"
"30404326","1"
"30405873","1"
"30406653","1"
"30413468","1"
"30415056","1"
"30422854","3"
"30425767","1"
"30427293","1"
"30427748","1"
"30432612","0"
"30432726","1"
"30437831","0"
"30440573","2"
"30442492","1"
"30443573","0"
"30445197","0"
"30449072","1"
"30452725","1"
"30459024","2"
"30461648","0"
"30462655","1"
"30474298","0"
"30479397","0"
"30492769","1"
"30502290","1"
"30503766","3"
"30505754","2"
"30509165","2"
"30509818","1"
"30510373","1"
"30511459","2"
"30511516","1"
"30512832","1"
"30525163","0"
"30526179","2"
"30526420","2"
"30527853","1"
"30528768","1"
"30532831","1"
"30535003","2"
"30539141","2"
"30539216","2"
"30539798","1"
"30544824","1"
"30547930","1"
"30548966","1"
"30549053","1"
"30557047","1"
"30562553","1"
"30564249","1"
"30564801","1"
"30569877","2"
"30573077","1"
"30573396","1"
"30574528","1"
"30576336","2"
"30576919","0"
"30580926","3"
"30581490","1"
"30583705","0"
"30586845","0"
"30594182","1"
"30595307","0"
"30596572","1"
"30598828","1"
"30602774","1"
"30606408","1"
"30606628","3"
"30608099","1"
"30617930","1"
"30619782","1"
"30621737","1"
"30624021","1"
"30626235","1"
"30631992","0"
"30638076","1"
"30639964","1"
"30643787","2"
"30648287","1"
"30651974","1"
"30654352","1"
"30657323","1"
"30658161","1"
"30662638","1"
"30663527","2"
"30669276","2"
"30675540","0"
"30675899","4"
"30680957","1"
"30681255","1"
"30682895","3"
"30682984","1"
"30687666","1"
"30689021","2"
"30692795","1"
"30700940","1"
"30701986","3"
"30711350","1"
"30715142","3"
"30715170","0"
"30720485","1"
"30721382","0"
"30721902","2"
"30733201","1"
"30736787","1"
"30742355","1"
"30742390","4"
"30743395","1"
"30743848","0"
"30745914","1"
"30749188","2"
"30750602","2"
"30752525","4"
"30753338","1"
"30755956","2"
"30759803","1"
"30763099","1"
"30763196","2"
"30763372","1"
"30766807","1"
"30778350","1"
"30780034","2"
"30782885","1"
"30790441","1"
"30792875","2"
"30795790","1"
"30821722","1"
"30827590","1"
"30828257","1"
"30828727","1"
"30828752","2"
"30837242","3"
"30844497","0"
"30845430","1"
"30847458","1"
"30849366","1"
"30854455","1"
"30856112","1"
"30863879","1"
"30865701","1"
"30867092","1"
"30870989","0"
"30872411","1"
"30874495","2"
"30876629","1"
"30886261","2"
"30886589","3"
"30889219","1"
"30893045","2"
"30893507","2"
"30898495","1"
"30899013","0"
"30901067","1"
"30904311","1"
"30920192","0"
"30921488","2"
"30924442","0"
"30929103","1"
"30931710","1"
"30936448","1"
"30938056","1"
"30939698","1"
"30939983","2"
"30940230","2"
"30940304","1"
"30947873","1"
"30950265","0"
"30952162","1"
"30952485","1"
"30953507","1"
"30957574","1"
"30961818","1"
"30977561","0"
"30980460","1"
"30984898","0"
"30985777","3"
"30986936","0"
"30989935","1"
"30996369","1"
"30996961","1"
"31002186","1"
"31004061","0"
"31009786","2"
"31011041","1"
"31022702","1"
"31022703","1"
"31023223","1"
"31023476","1"
"31025496","0"
"31026248","3"
"31029190","1"
"31033818","1"
"31035303","0"
"31045799","1"
"31049685","1"
"31052135","1"
"31052306","1"
"31052458","1"
"31052855","1"
"31056505","0"
"31064159","1"
"31066698","2"
"31068903","1"
"31074101","1"
"31076377","2"
"31078877","1"
"31085565","1"
"31087479","0"
"31091637","4"
"31092364","0"
"31095727","1"
"31102043","1"
"31102322","1"
"31107818","1"
"31112465","1"
"31114576","0"
"31117184","1"
"31118034","1"
"31118277","1"
"31119566","2"
"31125672","1"
"31130084","1"
"31133271","2"
"31138361","0"
"31141504","1"
"31143788","0"
"31153854","1"
"31159169","1"
"31167368","2"
"31168926","0"
"31169426","1"
"31171590","1"
"31177802","2"
"31180655","2"
"31191248","3"
"31197585","0"
"31200542","1"
"31202026","2"
"31202697","1"
"31202933","2"
"31204191","2"
"31210492","1"
"31210571","1"
"31211273","1"
"31215837","3"
"31216721","1"
"31217294","1"
"31217790","1"
"31219285","1"
"31222882","1"
"31224744","1"
"31228804","2"
"31233636","3"
"31236274","3"
"31237457","2"
"31238352","3"
"31238451","1"
"31240980","2"
"31241944","1"
"31243927","1"
"31248617","1"
"31252125","1"
"31253500","0"
"31254022","0"
"31255142","1"
"31257544","1"
"31259683","0"
"31262575","0"
"31267924","1"
"31288409","1"
"31292064","2"
"31292920","1"
"31298557","2"
"31300966","1"
"31302790","2"
"31303762","1"
"31305271","0"
"31307226","0"
"31314527","1"
"31315885","1"
"31318151","1"
"31322997","1"
"31328045","1"
"31344342","3"
"31349559","1"
"31353238","1"
"31359694","2"
"31360383","2"
"31361525","2"
"31364964","1"
"31365132","1"
"31365318","3"
"31369666","2"
"31370415","0"
"31375250","0"
"31378036","1"
"31396703","1"
"31402909","0"
"31413441","1"
"31414973","1"
"31425650","1"
"31429128","0"
"31430569","0"
"31434895","1"
"31441968","1"
"31442364","1"
"31451477","1"
"31456321","2"
"31458194","1"
"31461041","1"
"31463823","2"
"31464835","1"
"31470842","1"
"31478525","1"
"31478724","3"
"31486028","2"
"31489303","1"
"31489963","1"
"31496365","3"
"31497147","0"
"31499222","1"
"31500080","1"
"31501191","1"
"31520218","2"
"31525152","1"
"31528513","1"
"31531993","1"
"31532752","4"
"31541312","4"
"31543916","1"
"31551157","1"
"31551451","1"
"31551793","1"
"31553403","1"
"31555066","0"
"31557006","1"
"31560545","1"
"31560638","0"
"31561319","1"
"31569398","1"
"31577122","1"
"31586054","2"
"31587067","0"
"31590760","1"
"31595241","1"
"31602703","0"
"31603846","1"
"31605469","1"
"31605769","1"
"31605796","1"
"31607172","1"
"31609723","1"
"31610544","0"
"31615007","2"
"31630488","1"
"31635955","2"
"31637124","1"
"31639896","1"
"31646564","1"
"31648392","1"
"31650675","1"
"31656373","2"
"31662587","1"
"31666602","1"
"31676673","1"
"31678773","1"
"31683064","1"
"31684176","2"
"31693776","1"
"31700966","1"
"31720743","1"
"31720935","3"
"31721429","1"
"31729052","1"
"31732592","1"
"31734631","1"
"31737305","1"
"31737630","0"
"31737975","1"
"31741579","1"
"31745373","1"
"31747849","0"
"31750529","1"
"31755440","1"
"31756166","1"
"31761732","2"
"31769055","4"
"31769987","1"
"31773011","1"
"31774537","1"
"31774936","1"
"31777362","1"
"31779624","1"
"31790051","0"
"31794193","1"
"31799900","2"
"31810683","1"
"31813678","1"
"31816695","5"
"31827632","1"
"31828420","1"
"31834947","1"
"31835471","1"
"31842539","2"
"31850550","3"
"31850807","1"
"31851612","1"
"31852500","1"
"31869389","1"
"31879136","1"
"31886083","1"
"31888353","1"
"31893328","1"
"31895614","2"
"31896370","1"
"31896730","1"
"31901528","2"
"31902687","1"
"31905939","1"
"31910146","2"
"31914185","1"
"31914544","2"
"31919227","1"
"31919268","1"
"31926118","1"
"31927287","1"
"31929561","0"
"31930949","0"
"31933568","1"
"31934029","3"
"31953497","1"
"31970061","3"
"31970227","3"
"31970728","0"
"31972575","1"
"31974501","1"
"31978113","1"
"31980791","2"
"31983450","0"
"31985584","0"
"31987116","1"
"31989940","1"
"31991405","1"
"31996222","1"
"32001188","3"
"32005987","1"
"32007453","1"
"32011876","1"
"32011907","1"
"32012227","0"
"32016340","1"
"32016399","1"
"32018672","1"
"32019367","2"
"32019719","1"
"32024128","1"
"32026462","0"
"32027155","0"
"32030304","2"
"32031015","1"
"32033804","3"
"32040001","1"
"32041990","0"
"32044035","2"
"32045348","4"
"32053083","1"
"32054691","2"
"32062193","1"
"32062885","1"
"32062996","1"
"32066464","2"
"32074365","1"
"32078420","0"
"32081254","0"
"32085854","1"
"32086508","1"
"32087435","2"
"32098937","1"
"32114246","2"
"32117087","2"
"32117175","1"
"32120898","2"
"32120912","1"
"32123621","2"
"32126091","1"
"32133398","2"
"32133613","1"
"32140876","1"
"32142291","1"
"32147996","4"
"32149515","1"
"32150787","1"
"32159063","2"
"32163546","1"
"32168576","1"
"32174955","0"
"32175526","2"
"32182350","1"
"32187651","2"
"32192299","1"
"32193347","1"
"32196309","2"
"32197988","2"
"32198336","2"
"32207042","0"
"32208422","1"
"32209033","2"
"32211645","3"
"32213589","1"
"32214086","1"
"32222717","1"
"32223518","0"
"32227773","1"
"32229728","1"
"32239127","1"
"32241093","1"
"32247393","1"
"32250068","1"
"32250842","0"
"32256138","5"
"32262866","3"
"32265615","3"
"32274479","2"
"32287724","1"
"32301397","2"
"32303016","2"
"32303072","0"
"32303913","1"
"32309111","1"
"32309840","1"
"32316626","2"
"32319657","1"
"32320899","1"
"32330536","1"
"32335130","2"
"32335800","2"
"32342496","2"
"32345355","1"
"32349718","1"
"32351673","1"
"32351849","0"
"32351999","1"
"32355911","1"
"32358342","1"
"32360026","1"
"32360957","1"
"32368748","1"
"32369649","1"
"32371194","0"
"32374805","1"
"32376470","1"
"32384077","0"
"32385272","1"
"32386336","0"
"32389358","0"
"32390007","1"
"32390116","0"
"32391184","1"
"32393248","1"
"32416926","2"
"32416990","1"
"32428058","1"
"32434967","1"
"32442709","5"
"32444242","1"
"32449855","0"
"32461144","1"
"32463277","0"
"32465217","3"
"32466454","0"
"32468600","1"
"32472591","1"
"32475432","0"
"32475699","2"
"32477574","1"
"32479751","1"
"32481250","0"
"32484681","1"
"32485431","1"
"32503851","1"
"32512758","1"
"32516570","0"
"32518979","2"
"32523617","2"
"32526419","1"
"32528784","1"
"32529598","4"
"32531533","1"
"32532171","2"
"32537189","1"
"32538778","3"
"32541478","1"
"32554324","1"
"32563018","3"
"32573375","1"
"32582886","1"
"32583255","1"
"32583673","1"
"32584253","1"
"32584538","0"
"32586324","1"
"32590817","2"
"32594519","1"
"32597283","2"
"32597651","0"
"32599487","2"
"32612762","1"
"32624505","1"
"32633031","0"
"32635759","0"
"32636922","1"
"32637625","1"
"32642228","2"
"32643228","1"
"32651591","0"
"32654749","4"
"32659356","1"
"32670596","1"
"32671068","1"
"32674154","3"
"32676512","1"
"32679097","1"
"32679978","1"
"32680121","1"
"32684103","1"
"32692748","2"
"32692825","2"
"32695678","1"
"32696551","2"
"32705936","2"
"32712000","2"
"32712131","1"
"32716045","1"
"32737512","0"
"32740536","1"
"32741739","1"
"32744536","1"
"32745415","1"
"32750773","3"
"32751346","1"
"32755441","1"
"32759385","0"
"32759639","1"
"32767059","1"
"32775665","0"
"32779333","2"
"32783971","1"
"32786457","1"
"32793186","1"
"32801157","0"
"32801391","3"
"32813749","0"
"32820953","0"
"32824760","1"
"32828921","1"
"32830732","4"
"32830958","1"
"32833462","1"
"32841182","1"
"32851050","0"
"32851258","1"
"32852164","0"
"32856950","1"
"32859294","1"
"32860206","1"
"32864532","1"
"32865339","1"
"32868413","1"
"32871812","2"
"32873379","2"
"32875028","1"
"32887311","2"
"32909123","0"
"32912175","0"
"32917621","1"
"32924409","1"
"32925730","2"
"32928971","2"
"32950132","0"
"32955716","0"
"32965982","1"
"32970606","0"
"32975393","1"
"32975822","1"
"32986320","1"
"32994391","3"
"32996926","0"
"32998737","1"
"32999505","1"
"33017333","2"
"33020630","1"
"33021546","0"
"33030014","1"
"33036241","1"
"33041169","1"
"33043711","1"
"33047314","1"
"33054690","1"
"33059936","1"
"33061324","1"
"33068167","1"
"33074218","2"
"33076597","1"
"33083932","1"
"33086144","1"
"33086707","1"
"33088850","1"
"33091152","1"
"33092256","1"
"33092665","1"
"33093502","0"
"33093924","1"
"33097075","1"
"33098430","1"
"33101090","0"
"33101829","2"
"33105859","1"
"33113342","1"
"33118752","1"
"33126716","1"
"33128396","1"
"33129819","0"
"33133567","1"
"33136781","3"
"33149037","0"
"33149174","1"
"33157036","2"
"33161148","4"
"33161861","1"
"33170689","1"
"33171592","1"
"33173582","1"
"33178713","0"
"33180103","1"
"33197370","0"
"33202955","1"
"33214469","3"
"33214471","1"
"33223931","1"
"33225822","0"
"33231698","3"
"33239656","1"
"33244108","1"
"33263535","3"
"33265352","1"
"33269560","1"
"33272130","1"
"33273424","2"
"33275407","0"
"33275425","3"
"33276505","3"
"33277461","3"
"33277824","1"
"33280475","1"
"33282564","1"
"33283458","1"
"33286486","2"
"33286691","1"
"33289100","2"
"33291182","1"
"33293450","1"
"33294771","0"
"33300111","1"
"33310793","1"
"33311985","1"
"33315035","2"
"33316522","1"
"33316534","1"
"33316655","2"
"33318792","1"
"33319679","2"
"33323922","0"
"33330385","2"
"33342863","3"
"33352623","1"
"33362115","3"
"33364416","0"
"33372599","1"
"33373764","1"
"33374443","1"
"33377412","1"
"33382122","2"
"33386538","1"
"33388279","0"
"33394120","2"
"33396230","1"
"33396239","2"
"33402956","2"
"33405892","1"
"33410550","1"
"33412937","0"
"33413723","2"
"33419227","2"
"33430100","1"
"33431770","1"
"33440538","1"
"33441321","1"
"33441644","1"
"33442220","1"
"33444693","2"
"33446945","1"
"33447548","2"
"33453184","0"
"33456095","2"
"33458661","1"
"33458698","1"
"33466008","0"
"33468581","0"
"33469770","1"
"33471176","1"
"33471355","0"
"33473991","2"
"33479896","1"
"33480635","1"
"33483282","1"
"33486660","2"
"33490640","1"
"33493056","4"
"33496123","3"
"33497348","1"
"33498371","1"
"33507637","1"
"33511003","3"
"33519546","0"
"33520431","2"
"33530225","1"
"33531490","4"
"33534505","1"
"33537730","2"
"33538760","0"
"33540667","0"
"33540996","1"
"33547769","1"
"33549697","1"
"33550687","0"
"33551335","2"
"33552891","1"
"33553590","1"
"33558005","0"
"33561487","2"
"33563758","1"
"33575581","3"
"33579333","1"
"33584716","1"
"33585965","0"
"33589353","3"
"33594111","1"
"33601971","1"
"33602308","1"
"33605411","0"
"33607347","1"
"33616943","2"
"33616957","1"
"33619450","1"
"33620358","0"
"33620584","1"
"33622989","2"
"33623806","1"
"33629702","0"
"33633989","1"
"33636372","2"
"33639013","1"
"33642750","1"
"33646283","1"
"33650425","1"
"33652050","1"
"33656373","1"
"33657532","2"
"33658896","0"
"33663113","2"
"33666973","2"
"33671027","2"
"33672876","1"
"33676348","1"
"33679448","2"
"33693777","1"
"33697508","1"
"33707747","1"
"33709424","1"
"33723947","0"
"33728291","2"
"33738292","1"
"33739568","1"
"33740020","2"
"33743969","1"
"33745267","1"
"33746843","1"
"33747600","1"
"33747872","1"
"33752137","1"
"33758448","0"
"33760775","1"
"33763733","1"
"33763863","2"
"33772147","1"
"33778435","3"
"33783695","1"
"33783768","0"
"33788691","1"
"33788727","1"
"33792468","1"
"33794696","1"
"33795702","1"
"33796585","1"
"33800230","1"
"33802827","1"
"33805799","1"
"33806067","1"
"33811589","1"
"33813938","3"
"33820140","0"
"33829451","1"
"33832833","1"
"33832851","1"
"33835865","2"
"33842330","0"
"33850859","1"
"33854785","0"
"33864049","1"
"33867665","1"
"33867807","1"
"33868229","0"
"33875325","4"
"33878372","2"
"33880784","1"
"33881520","4"
"33884785","4"
"33884862","1"
"33893012","1"
"33895481","1"
"33897227","0"
"33906714","1"
"33907663","2"
"33910403","1"
"33910833","0"
"33914685","0"
"33917889","1"
"33923347","0"
"33927695","1"
"33928418","0"
"33929699","1"
"33938186","1"
"33951096","1"
"33961948","1"
"33962428","1"
"33963297","0"
"33963589","1"
"33963624","1"
"33965542","2"
"33968874","0"
"33970007","3"
"33970325","0"
"33974505","1"
"33986916","1"
"33988781","0"
"33989390","2"
"33990432","2"
"33993582","1"
"33995835","3"
"33996915","1"
"33998126","1"
"34000518","1"
"34007381","1"
"34013639","1"
"34014159","1"
"34022936","4"
"34025395","1"
"34030514","1"
"34032651","1"
"34034426","1"
"34043383","0"
"34043723","1"
"34046116","1"
"34047089","1"
"34056101","1"
"34057451","1"
"34058608","2"
"34058715","1"
"34058792","0"
"34066819","0"
"34069056","1"
"34069252","1"
"34069666","1"
"34070051","1"
"34074745","2"
"34086118","0"
"34092547","0"
"34093802","1"
"34095253","1"
"34095965","1"
"34096733","0"
"34100294","1"
"34104109","1"
"34111944","2"
"34117102","1"
"34122432","0"
"34122962","0"
"34127222","1"
"34129350","3"
"34136770","3"
"34142608","1"
"34146316","2"
"34148835","0"
"34151920","3"
"34152169","1"
"34156980","1"
"34169516","1"
"34169874","0"
"34170459","1"
"34172553","2"
"34178309","1"
"34180122","3"
"34181017","1"
"34183393","1"
"34185216","2"
"34186394","1"
"34187209","0"
"34189503","1"
"34196473","2"
"34200604","1"
"34200757","2"
"34204651","0"
"34206699","0"
"34207804","2"
"34208669","2"
"34215637","1"
"34217917","1"
"34220051","1"
"34220618","1"
"34220953","1"
"34222414","2"
"34223987","1"
"34226634","2"
"34229032","1"
"34229831","1"
"34230461","1"
"34231717","1"
"34233358","1"
"34235400","1"
"34247455","2"
"34247573","1"
"34247608","1"
"34249377","1"
"34256004","0"
"34259303","1"
"34260068","2"
"34272175","1"
"34281586","2"
"34286681","2"
"34288161","1"
"34289747","0"
"34294739","1"
"34298632","2"
"34299152","1"
"34306804","2"
"34311136","0"
"34315294","2"
"34315318","4"
"34316615","2"
"34318945","2"
"34324466","2"
"34325012","1"
"34334693","2"
"34336122","2"
"34340120","0"
"34342966","1"
"34343118","0"
"34343500","1"
"34344226","1"
"34347605","0"
"34350657","1"
"34355767","4"
"34369789","1"
"34371551","3"
"34377857","1"
"34381630","2"
"34386901","1"
"34389464","2"
"34393063","1"
"34408352","1"
"34408825","9"
"34412153","1"
"34412965","3"
"34426681","1"
"34426827","1"
"34439249","1"
"34442049","1"
"34447878","1"
"34448221","1"
"34449715","1"
"34452341","2"
"34452591","1"
"34459088","2"
"34461762","0"
"34462736","2"
"34478429","2"
"34481894","0"
"34484827","2"
"34487879","2"
"34489406","2"
"34490451","2"
"34494273","0"
"34505951","3"
"34529078","1"
"34539418","1"
"34539718","1"
"34546489","1"
"34548384","1"
"34550763","1"
"34551260","1"
"34558502","2"
"34561539","2"
"34570106","2"
"34572735","1"
"34573709","2"
"34581089","1"
"34584625","2"
"34584743","1"
"34585184","2"
"34586087","1"
"34590964","0"
"34593175","1"
"34604743","1"
"34613724","1"
"34614268","1"
"34624118","2"
"34624189","1"
"34625475","1"
"34629055","3"
"34632610","0"
"34632637","3"
"34643645","1"
"34643839","2"
"34644804","3"
"34654872","3"
"34656206","0"
"34662901","0"
"34663554","1"
"34676614","2"
"34677700","1"
"34678666","1"
"34692737","1"
"34700665","1"
"34702111","3"
"34702979","1"
"34710020","1"
"34716556","1"
"34717570","2"
"34727732","2"
"34729755","2"
"34733007","2"
"34734463","2"
"34734811","0"
"34735873","1"
"34751425","1"
"34754012","1"
"34754804","1"
"34755723","1"
"34756927","2"
"34757434","2"
"34757644","1"
"34771312","1"
"34779758","1"
"34781231","0"
"34781427","1"
"34783503","2"
"34789700","1"
"34792686","0"
"34797137","1"
"34801074","1"
"34802307","1"
"34806281","0"
"34807037","2"
"34813891","2"
"34817697","0"
"34818303","1"
"34820014","1"
"34823196","1"
"34840553","0"
"34848508","1"
"34850588","1"
"34860527","2"
"34860585","1"
"34860885","1"
"34864174","1"
"34864877","1"
"34865313","2"
"34866760","1"
"34869887","1"
"34876641","2"
"34880710","1"
"34883391","0"
"34885747","0"
"34894062","1"
"34901123","1"
"34901654","1"
"34908479","3"
"34909420","0"
"34910715","1"
"34913409","2"
"34914090","1"
"34918705","2"
"34921161","2"
"34922935","1"
"34925407","2"
"34933816","1"
"34936174","1"
"34940765","1"
"34943283","1"
"34946299","0"
"34949759","1"
"34952279","1"
"34955339","1"
"34957481","1"
"34959528","1"
"34960006","2"
"34964353","0"
"34966339","2"
"34972748","1"
"34974542","3"
"34974574","0"
"34977786","1"
"34985596","3"
"34994224","2"
"34997016","1"
"34998859","4"
"35000987","1"
"35002611","0"
"35009958","1"
"35011293","0"
"35011790","3"
"35012818","1"
"35020389","1"
"35023769","0"
"35057091","1"
"35057635","1"
"35058933","1"
"35061043","0"
"35064029","0"
"35066482","1"
"35066633","1"
"35068353","1"
"35068578","3"
"35068856","2"
"35068956","1"
"35073656","1"
"35075876","1"
"35079359","1"
"35080234","1"
"35082228","2"
"35089759","1"
"35089824","2"
"35094696","0"
"35099449","1"
"35101847","1"
"35103308","1"
"35103550","1"
"35104292","1"
"35108736","1"
"35110484","1"
"35113518","1"
"35114578","0"
"35117117","1"
"35117675","2"
"35120116","1"
"35128180","1"
"35130195","1"
"35131675","0"
"35144053","1"
"35145100","0"
"35150003","0"
"35150626","1"
"35158718","0"
"35159772","1"
"35159989","2"
"35175732","2"
"35180350","0"
"35181101","1"
"35181459","1"
"35181665","1"
"35186258","1"
"35187496","2"
"35195011","1"
"35197910","0"
"35210971","1"
"35211597","0"
"35212032","2"
"35213615","1"
"35223358","1"
"35223554","3"
"35224639","1"
"35226365","1"
"35228318","1"
"35229214","1"
"35238737","1"
"35239337","0"
"35240303","3"
"35247247","0"
"35248449","2"
"35248543","1"
"35248564","1"
"35249630","1"
"35254861","1"
"35264934","0"
"35269954","1"
"35275112","1"
"35279429","2"
"35295962","2"
"35297575","1"
"35297905","1"
"35299236","3"
"35302510","1"
"35312113","2"
"35315668","1"
"35315716","2"
"35317400","1"
"35328007","0"
"35330162","0"
"35330654","1"
"35336523","1"
"35338547","1"
"35345356","1"
"35350351","2"
"35351308","2"
"35352742","1"
"35352892","1"
"35353702","0"
"35363234","2"
"35363574","1"
"35364638","1"
"35366357","0"
"35376123","1"
"35376642","2"
"35381403","2"
"35383120","0"
"35387482","1"
"35387708","1"
"35390489","3"
"35400069","1"
"35400741","1"
"35402501","1"
"35403439","1"
"35414288","2"
"35415353","1"
"35421076","2"
"35427386","1"
"35427934","1"
"35429036","1"
"35450173","2"
"35461614","1"
"35465916","4"
"35471189","0"
"35473856","2"
"35484209","1"
"35484428","0"
"35493788","1"
"35496265","1"
"35499451","0"
"35501342","1"
"35507308","1"
"35513350","1"
"35532153","0"
"35548191","1"
"35548657","1"
"35549694","1"
"35552524","2"
"35567077","1"
"35567641","1"
"35572484","0"
"35574470","1"
"35584341","0"
"35584461","3"
"35585855","1"
"35590105","1"
"35591529","1"
"35594572","1"
"35596683","1"
"35599604","1"
"35600121","0"
"35600476","2"
"35605168","0"
"35613262","2"
"35618176","1"
"35620683","0"
"35629772","0"
"35630096","2"
"35630242","3"
"35633539","1"
"35637123","1"
"35637618","2"
"35639223","1"
"35639715","3"
"35641432","0"
"35641703","1"
"35642573","1"
"35642912","1"
"35644394","1"
"35646037","1"
"35646078","1"
"35653110","1"
"35653128","2"
"35658300","1"
"35660720","0"
"35663650","1"
"35676798","1"
"35681704","2"
"35688499","1"
"35699462","1"
"35702884","2"
"35708611","1"
"35721065","1"
"35729736","1"
"35732482","1"
"35734182","2"
"35753254","1"
"35755066","1"
"35758838","0"
"35760890","0"
"35762428","1"
"35762926","1"
"35763541","1"
"35768598","1"
"35777236","0"
"35778606","1"
"35783485","2"
"35784231","0"
"35784381","1"
"35785628","5"
"35785709","1"
"35788630","1"
"35793786","0"
"35798048","9"
"35808352","1"
"35812756","1"
"35815261","2"
"35819624","1"
"35826873","1"
"35827127","2"
"35832091","1"
"35836664","2"
"35843088","1"
"35844566","1"
"35845208","1"
"35852165","0"
"35862131","0"
"35865564","0"
"35869957","1"
"35870544","1"
"35873532","1"
"35880963","2"
"35881553","1"
"35884757","1"
"35885867","0"
"35887467","1"
"35898904","1"
"35904015","1"
"35904214","1"
"35907851","0"
"35913174","1"
"35918310","0"
"35918357","1"
"35921488","1"
"35931479","1"
"35937461","0"
"35944015","0"
"35950315","2"
"35951250","1"
"35954964","2"
"35956863","1"
"35957765","1"
"35962501","1"
"35963686","2"
"35974272","0"
"35983553","1"
"35986782","0"
"35987281","1"
"35987457","2"
"35988369","1"
"35988701","2"
"35996036","3"
"35998169","1"
"35999032","1"
"35999613","1"
"36002618","1"
"36002834","1"
"36007624","1"
"36012020","1"
"36012776","3"
"36013365","1"
"36020376","1"
"36022928","1"
"36032034","0"
"36035511","1"
"36041232","1"
"36043843","1"
"36055185","2"
"36056747","3"
"36057743","2"
"36085917","1"
"36089271","2"
"36093538","1"
"36099831","2"
"36101796","1"
"36101889","2"
"36102698","0"
"36113984","0"
"36116627","1"
"36117046","2"
"36118569","1"
"36120175","0"
"36124412","1"
"36127150","1"
"36131108","1"
"36134407","0"
"36136078","1"
"36139259","1"
"36140824","2"
"36141825","1"
"36142384","2"
"36144564","1"
"36145438","0"
"36150567","1"
"36151314","1"
"36161740","2"
"36169122","1"
"36169578","1"
"36170406","3"
"36175722","0"
"36181035","1"
"36185623","1"
"36185680","1"
"36188627","1"
"36190838","1"
"36191281","1"
"36192163","1"
"36195355","1"
"36195539","0"
"36202917","1"
"36206501","2"
"36206713","0"
"36209725","1"
"36213020","1"
"36214866","1"
"36215447","1"
"36222793","1"
"36229572","1"
"36230412","1"
"36236503","1"
"36236930","1"
"36238642","2"
"36239289","3"
"36241673","2"
"36245760","1"
"36247701","1"
"36248744","1"
"36249157","2"
"36250607","1"
"36252951","2"
"36253520","1"
"36262663","2"
"36266850","1"
"36270416","1"
"36270567","0"
"36273972","1"
"36277604","1"
"36288448","1"
"36290420","2"
"36291871","2"
"36295461","1"
"36296256","1"
"36298235","1"
"36309745","1"
"36322139","2"
"36323056","1"
"36327209","1"
"36327439","1"
"36327448","1"
"36329731","1"
"36332404","0"
"36340324","0"
"36342615","1"
"36343003","2"
"36346734","1"
"36348559","1"
"36351054","3"
"36355345","1"
"36357237","1"
"36369324","0"
"36369735","1"
"36381370","0"
"36381991","1"
"36383390","1"
"36384644","4"
"36387154","1"
"36396533","2"
"36396735","1"
"36408912","0"
"36409095","1"
"36409198","3"
"36430045","1"
"36433850","3"
"36444172","3"
"36448222","1"
"36455265","1"
"36457945","1"
"36458857","0"
"36465292","2"
"36472006","2"
"36473686","0"
"36475551","1"
"36477011","2"
"36479954","0"
"36480107","2"
"36487504","0"
"36488219","1"
"36495187","1"
"36500733","1"
"36500990","1"
"36502688","2"
"36515071","1"
"36517353","1"
"36527941","1"
"36529672","0"
"36534248","1"
"36536219","2"
"36541596","1"
"36542645","1"
"36544721","0"
"36546241","1"
"36547443","1"
"36551730","1"
"36552696","2"
"36552950","4"
"36557816","0"
"36570562","0"
"36571298","1"
"36576495","0"
"36584869","1"
"36585193","2"
"36587493","2"
"36589261","2"
"36590794","2"
"36604367","2"
"36605861","1"
"36608306","1"
"36610312","2"
"36613147","1"
"36615017","0"
"36617334","0"
"36621869","1"
"36623810","1"
"36624554","1"
"36626992","1"
"36627518","1"
"36628347","0"
"36629297","1"
"36632831","2"
"36633589","2"
"36634864","0"
"36641753","1"
"36643339","0"
"36653550","1"
"36654208","1"
"36655794","2"
"36656154","2"
"36660062","2"
"36660643","2"
"36663876","1"
"36664339","1"
"36669956","1"
"36670773","1"
"36671301","1"
"36672194","2"
"36677266","2"
"36677423","3"
"36701484","0"
"36701804","2"
"36702450","2"
"36709376","1"
"36721800","3"
"36723468","1"
"36727483","1"
"36752182","0"
"36752905","1"
"36763381","3"
"36765831","1"
"36770894","1"
"36774980","2"
"36775715","1"
"36775876","2"
"36778612","2"
"36780258","1"
"36786359","1"
"36786607","0"
"36790642","2"
"36795894","6"
"36796745","1"
"36798967","1"
"36802523","2"
"36815254","3"
"36819802","1"
"36823973","1"
"36827541","1"
"36831087","1"
"36840235","1"
"36843098","1"
"36846056","1"
"36846936","1"
"36850053","0"
"36858633","1"
"36859937","2"
"36873304","1"
"36876920","1"
"36878853","1"
"36888153","1"
"36892173","2"
"36893191","1"
"36893510","0"
"36893526","0"
"36893931","1"
"36895261","0"
"36895793","1"
"36900259","2"
"36909103","1"
"36914370","1"
"36918174","0"
"36918322","0"
"36922886","1"
"36929850","2"
"36936330","1"
"36937599","0"
"36940224","0"
"36942516","2"
"36943026","1"
"36943344","1"
"36945155","0"
"36954894","1"
"36959023","1"
"36960622","1"
"36961461","1"
"36966764","2"
"36980771","2"
"36989958","1"
"37010770","2"
"37011138","1"
"37014686","0"
"37016483","1"
"37016946","3"
"37020795","1"
"37023157","2"
"37025017","1"
"37036226","2"
"37042120","0"
"37042685","2"
"37054448","1"
"37056995","0"
"37062655","3"
"37070890","1"
"37071697","0"
"37076126","1"
"37076192","3"
"37076268","1"
"37081890","0"
"37091521","1"
"37097415","1"
"37106271","1"
"37106855","0"
"37117004","1"
"37119569","1"
"37120750","0"
"37135521","2"
"37140654","2"
"37143447","2"
"37144478","0"
"37145934","1"
"37146130","0"
"37147049","1"
"37153123","1"
"37154000","1"
"37154476","1"
"37160358","1"
"37163270","0"
"37163517","1"
"37165004","1"
"37166368","1"
"37170981","3"
"37174021","1"
"37174055","1"
"37182965","2"
"37191059","1"
"37198034","1"
"37198371","2"
"37200083","0"
"37201479","2"
"37204839","0"
"37210117","0"
"37212029","1"
"37213918","1"
"37218628","3"
"37219937","1"
"37220741","2"
"37223652","1"
"37230761","1"
"37231030","1"
"37232665","1"
"37238790","1"
"37243850","1"
"37254316","1"
"37256154","7"
"37262062","1"
"37272391","2"
"37272681","2"
"37273556","1"
"37279222","1"
"37279464","1"
"37280017","0"
"37281574","1"
"37288054","2"
"37289128","1"
"37295216","1"
"37296931","0"
"37303176","1"
"37306300","1"
"37311942","0"
"37327708","1"
"37352898","3"
"37354116","1"
"37359577","3"
"37360936","0"
"37361519","0"
"37362504","1"
"37363347","1"
"37368265","1"
"37373340","1"
"37378330","1"
"37378852","3"
"37379328","4"
"37389089","0"
"37395209","1"
"37396855","2"
"37397926","1"
"37400455","0"
"37401809","4"
"37405669","1"
"37408325","1"
"37409734","1"
"37411365","1"
"37416357","2"
"37419486","0"
"37430661","0"
"37434356","2"
"37435077","3"
"37436283","1"
"37436694","1"
"37438509","0"
"37438607","3"
"37439981","2"
"37440526","1"
"37442548","2"
"37445584","1"
"37448018","1"
"37454110","4"
"37455480","1"
"37462833","1"
"37465347","0"
"37477635","3"
"37477990","1"
"37478134","1"
"37491235","1"
"37495362","2"
"37499112","2"
"37500320","3"
"37510067","1"
"37510608","0"
"37513856","2"
"37516209","1"
"37523771","0"
"37524010","1"
"37527048","1"
"37530614","1"
"37534787","4"
"37541248","1"
"37542102","2"
"37554623","1"
"37555412","1"
"37555639","0"
"37562909","1"
"37565431","1"
"37569056","1"
"37570730","1"
"37573551","1"
"37573703","1"
"37575871","1"
"37578779","1"
"37579400","0"
"37583822","2"
"37592220","1"
"37593357","3"
"37595513","0"
"37596163","5"
"37596732","0"
"37597816","1"
"37598846","0"
"37601495","4"
"37613566","2"
"37614790","3"
"37615304","1"
"37615922","1"
"37624910","1"
"37627115","1"
"37630774","1"
"37633017","0"
"37634547","0"
"37640533","1"
"37642366","1"
"37645662","1"
"37649260","1"
"37655952","1"
"37665527","1"
"37668849","1"
"37672485","1"
"37680361","7"
"37701601","1"
"37702707","1"
"37706671","1"
"37707374","1"
"37708375","3"
"37711184","0"
"37728552","1"
"37730864","2"
"37736424","1"
"37748346","1"
"37758357","3"
"37766949","1"
"37770769","2"
"37778133","1"
"37779512","1"
"37780316","1"
"37783596","0"
"37786830","1"
"37787067","1"
"37789137","1"
"37792167","1"
"37792454","1"
"37793105","2"
"37803710","1"
"37811259","0"
"37813551","1"
"37813731","4"
"37817179","1"
"37822971","1"
"37825261","1"
"37825758","1"
"37827673","0"
"37829065","0"
"37833257","1"
"37838948","0"
"37840890","0"
"37842690","3"
"37844260","1"
"37845765","1"
"37848652","0"
"37860916","1"
"37863736","3"
"37864818","0"
"37871768","1"
"37873343","1"
"37876331","1"
"37890057","2"
"37893758","2"
"37898766","2"
"37899753","0"
"37907039","1"
"37911791","1"
"37913491","1"
"37914398","2"
"37917443","1"
"37918185","2"
"37925008","1"
"37934638","2"
"37938886","2"
"37939034","1"
"37939562","1"
"37944220","1"
"37947951","0"
"37949097","1"
"37958232","1"
"37959228","4"
"37962088","0"
"37963177","1"
"37963587","0"
"37963619","1"
"37968055","1"
"37979501","2"
"37986328","2"
"37988069","0"
"37990424","1"
"37992382","1"
"38006758","1"
"38011166","1"
"38044482","2"
"38045095","1"
"38045664","1"
"38055072","2"
"38058261","0"
"38059326","2"
"38059749","1"
"38059934","1"
"38063843","1"
"38067682","1"
"38074477","0"
"38079850","2"
"38080608","2"
"38090441","1"
"38091804","1"
"38092988","1"
"38095437","3"
"38100430","2"
"38100517","1"
"38100611","1"
"38100970","3"
"38101812","1"
"38103001","0"
"38106531","1"
"38114052","0"
"38114974","0"
"38119526","1"
"38120387","2"
"38125860","1"
"38132466","0"
"38136088","0"
"38139020","1"
"38148047","2"
"38148641","0"
"38156115","0"
"38175686","1"
"38188778","1"
"38189854","1"
"38190144","2"
"38192219","1"
"38195246","2"
"38195796","1"
"38200272","1"
"38204561","1"
"38205272","2"
"38222197","0"
"38227005","5"
"38228494","3"
"38229559","1"
"38231783","1"
"38232037","1"
"38232263","1"
"38241172","3"
"38244554","1"
"38251406","1"
"38254759","2"
"38257221","1"
"38264533","2"
"38267636","0"
"38277422","0"
"38281844","2"
"38285292","1"
"38294200","2"
"38295152","1"
"38299839","0"
"38313252","1"
"38313257","1"
"38316110","1"
"38320702","1"
"38323675","1"
"38330322","2"
"38333873","0"
"38335994","1"
"38337736","0"
"38340421","1"
"38340451","1"
"38341188","2"
"38350517","1"
"38359621","0"
"38363233","2"
"38363490","1"
"38364451","1"
"38371020","1"
"38378203","0"
"38387446","1"
"38399678","1"
"38404094","0"
"38406091","0"
"38411624","0"
"38424102","1"
"38428771","1"
"38431264","0"
"38432157","1"
"38436267","0"
"38436896","0"
"38438818","1"
"38444953","1"
"38445688","2"
"38450163","2"
"38450858","3"
"38453756","1"
"38457349","2"
"38458897","0"
"38459109","1"
"38461874","3"
"38469381","1"
"38477221","1"
"38478338","1"
"38485019","1"
"38489874","0"
"38499201","1"
"38500287","0"
"38504131","1"
"38515564","0"
"38523159","0"
"38536018","1"
"38537876","1"
"38543252","2"
"38543631","1"
"38549091","1"
"38565042","1"
"38569327","2"
"38571190","1"
"38573505","1"
"38578903","2"
"38579816","0"
"38582792","2"
"38587666","1"
"38593528","2"
"38594779","1"
"38597660","1"
"38605855","1"
"38607868","0"
"38609337","2"
"38610885","3"
"38622069","1"
"38627413","1"
"38630503","3"
"38631354","1"
"38632929","2"
"38639395","2"
"38642405","1"
"38644038","4"
"38647848","1"
"38648413","2"
"38649624","2"
"38656053","0"
"38662923","1"
"38663323","0"
"38670211","0"
"38678963","1"
"38679325","1"
"38684782","1"
"38707772","1"
"38715570","0"
"38724377","1"
"38726132","1"
"38731072","0"
"38731681","1"
"38732994","1"
"38747350","0"
"38747430","1"
"38752828","1"
"38754592","1"
"38760414","4"
"38766511","0"
"38780278","1"
"38792408","3"
"38793818","0"
"38794248","1"
"38809328","1"
"38812842","0"
"38812868","1"
"38816769","1"
"38829095","0"
"38832283","1"
"38834297","2"
"38835722","1"
"38837535","1"
"38841563","2"
"38845749","1"
"38862877","0"
"38863637","1"
"38869230","1"
"38871798","1"
"38874558","2"
"38882395","0"
"38888569","1"
"38889942","2"
"38890196","1"
"38892897","1"
"38894428","1"
"38907065","1"
"38911100","1"
"38924734","0"
"38924885","1"
"38926824","0"
"38930960","2"
"38934179","0"
"38940585","1"
"38945696","2"
"38955601","1"
"38955868","0"
"38957134","0"
"38961562","2"
"38962083","2"
"38962099","2"
"38975104","4"
"38976900","0"
"38978501","0"
"38978740","1"
"38984946","4"
"38985268","1"
"38985569","0"
"38988872","1"
"38990835","0"
"38996896","2"
"38999255","1"
"39000296","2"
"39002878","2"
"39007335","2"
"39011231","2"
"39020523","1"
"39026775","2"
"39030204","1"
"39040965","0"
"39042799","2"
"39055218","1"
"39058482","2"
"39062782","1"
"39062861","2"
"39068609","1"
"39070680","1"
"39075456","0"
"39075459","1"
"39075877","2"
"39080796","1"
"39082618","4"
"39084741","1"
"39086295","1"
"39091562","1"
"39098927","2"
"39102448","0"
"39114114","1"
"39116219","1"
"39116403","0"
"39116688","2"
"39117488","1"
"39122236","1"
"39126630","1"
"39131159","2"
"39132107","1"
"39160356","1"
"39164509","0"
"39166762","1"
"39170257","1"
"39170374","1"
"39170837","1"
"39174370","1"
"39179615","1"
"39181893","1"
"39183903","0"
"39186243","1"
"39186858","0"
"39188208","1"
"39188263","2"
"39189096","1"
"39199714","1"
"39201473","1"
"39202057","1"
"39213876","0"
"39217773","1"
"39219140","2"
"39221467","0"
"39223482","1"
"39224229","1"
"39228128","1"
"39228918","0"
"39231497","0"
"39234457","4"
"39234622","1"
"39239817","0"
"39250323","0"
"39251961","1"
"39262900","3"
"39264914","3"
"39265081","1"
"39274394","0"
"39280214","1"
"39286379","3"
"39290150","1"
"39291049","1"
"39298161","3"
"39298580","1"
"39308466","1"
"39309378","1"
"39310898","1"
"39311157","1"
"39311546","1"
"39312123","1"
"39315996","1"
"39333092","2"
"39333112","0"
"39333317","1"
"39333372","1"
"39336102","3"
"39338153","0"
"39344210","0"
"39345861","1"
"39347790","0"
"39358826","0"
"39363281","1"
"39363669","1"
"39364819","2"
"39364906","0"
"39368457","1"
"39376428","3"
"39378956","1"
"39382119","3"
"39386297","1"
"39393032","1"
"39395520","1"
"39396113","0"
"39399155","1"
"39401521","2"
"39402396","1"
"39404038","0"
"39408741","0"
"39411781","2"
"39412068","0"
"39413536","1"
"39413613","1"
"39415393","2"
"39422119","1"
"39426234","1"
"39429756","1"
"39433219","1"
"39438690","0"
"39439142","1"
"39452125","0"
"39455578","1"
"39456326","1"
"39458053","1"
"39459451","2"
"39462123","1"
"39464154","0"
"39471738","2"
"39471872","1"
"39476502","1"
"39477549","0"
"39480199","0"
"39487229","1"
"39493397","1"
"39495820","2"
"39496190","1"
"39497369","1"
"39498731","1"
"39499040","1"
"39504867","0"
"39505636","2"
"39515852","2"
"39515987","2"
"39517735","1"
"39523800","2"
"39525042","1"
"39527478","3"
"39535219","1"
"39540529","1"
"39543863","1"
"39550183","1"
"39558356","1"
"39565960","1"
"39567405","2"
"39572257","2"
"39577891","2"
"39580475","1"
"39581543","3"
"39598584","1"
"39601291","1"
"39608747","1"
"39609809","2"
"39610952","1"
"39613305","0"
"39622146","1"
"39622646","1"
"39636211","1"
"39638929","2"
"39644015","2"
"39644788","1"
"39645079","2"
"39649899","3"
"39651486","2"
"39651814","0"
"39654753","1"
"39659538","3"
"39664643","0"
"39668823","1"
"39674060","1"
"39681163","3"
"39681627","1"
"39682086","1"
"39682186","1"
"39691368","0"
"39694235","1"
"39698069","5"
"39698553","1"
"39699034","1"
"39705766","2"
"39706000","0"
"39709643","1"
"39714608","3"
"39719393","1"
"39721567","0"
"39723183","1"
"39725030","1"
"39733280","0"
"39736092","1"
"39741736","1"
"39743348","0"
"39747120","3"
"39750906","8"
"39752414","0"
"39755067","0"
"39758997","0"
"39760263","2"
"39771844","2"
"39780110","3"
"39780717","2"
"39792311","0"
"39797291","2"
"39802610","1"
"39803387","3"
"39804459","1"
"39805145","0"
"39812631","0"
"39817494","1"
"39828453","1"
"39833369","1"
"39838696","0"
"39840063","1"
"39840471","1"
"39840747","0"
"39841368","0"
"39843704","1"
"39847734","1"
"39849308","1"
"39851317","1"
"39852975","1"
"39857755","1"
"39857955","1"
"39871906","1"
"39885348","1"
"39888630","0"
"39890825","0"
"39893036","1"
"39893652","0"
"39893780","2"
"39896831","2"
"39899477","3"
"39900182","1"
"39904012","1"
"39904848","0"
"39914432","0"
"39917937","0"
"39921175","1"
"39924941","1"
"39930402","1"
"39931968","1"
"39932169","1"
"39932636","1"
"39933605","1"
"39939853","1"
"39945818","1"
"39951752","0"
"39954211","1"
"39957052","1"
"39959320","1"
"39960742","1"
"39964383","2"
"39972932","0"
"39979179","1"
"39994824","1"
"40000957","1"
"40005522","1"
"40005823","0"
"40011101","1"
"40016463","1"
"40017654","1"
"40028862","1"
"40029432","2"
"40030172","2"
"40034409","1"
"40035076","1"
"40039283","1"
"40048570","0"
"40059802","1"
"40060434","0"
"40067864","0"
"40069918","0"
"40074118","1"
"40077909","2"
"40080462","0"
"40082834","1"
"40083317","1"
"40083873","1"
"40096123","1"
"40097248","1"
"40097694","1"
"40099228","1"
"40100629","1"
"40104301","1"
"40109640","1"
"40110470","2"
"40121887","3"
"40123319","5"
"40126025","1"
"40129882","1"
"40130611","0"
"40130839","0"
"40146605","0"
"40149245","2"
"40151795","2"
"40159905","1"
"40160063","1"
"40169112","0"
"40180531","0"
"40183500","1"
"40183680","1"
"40188082","1"
"40210451","0"
"40213648","1"
"40213772","1"
"40215177","3"
"40215808","1"
"40222773","1"
"40228402","1"
"40231567","1"
"40235468","1"
"40252608","1"
"40252903","1"
"40255677","1"
"40255742","0"
"40258012","0"
"40269196","0"
"40272486","1"
"40272521","1"
"40272643","0"
"40277386","1"
"40278738","1"
"40281050","5"
"40282977","1"
"40284006","1"
"40290007","1"
"40292946","0"
"40298737","1"
"40300938","1"
"40309146","2"
"40309459","1"
"40314858","1"
"40333965","0"
"40342763","1"
"40343394","1"
"40348401","2"
"40350607","1"
"40352189","1"
"40354766","2"
"40357138","1"
"40369916","1"
"40379484","1"
"40381229","0"
"40381350","0"
"40385180","1"
"40394600","1"
"40395548","1"
"40396286","1"
"40396688","1"
"40398664","1"
"40405169","2"
"40414703","1"
"40417055","1"
"40417074","1"
"40418693","1"
"40420027","1"
"40421761","1"
"40422049","1"
"40424606","1"
"40426235","1"
"40434409","1"
"40437828","1"
"40440234","1"
"40450218","1"
"40451548","3"
"40468620","0"
"40469005","1"
"40470524","0"
"40471192","1"
"40474177","1"
"40479213","2"
"40487089","1"
"40503201","2"
"40509487","1"
"40511040","0"
"40511905","2"
"40513170","0"
"40522922","2"
"40525546","0"
"40525923","1"
"40536345","2"
"40537784","2"
"40540286","0"
"40543075","1"
"40544179","3"
"40552423","1"
"40553686","1"
"40556016","4"
"40560440","0"
"40560618","1"
"40561144","2"
"40564122","2"
"40570173","3"
"40571694","2"
"40573160","0"
"40573256","1"
"40575426","0"
"40577948","0"
"40593085","0"
"40593451","0"
"40598563","1"
"40601847","2"
"40602434","2"
"40613557","1"
"40614157","2"
"40614397","2"
"40621380","1"
"40622166","1"
"40627650","2"
"40630665","1"
"40636629","2"
"40638062","1"
"40638951","1"
"40640979","0"
"40646762","0"
"40656372","1"
"40661539","0"
"40662819","2"
"40664295","0"
"40668703","1"
"40670013","0"
"40671843","2"
"40673746","2"
"40675313","2"
"40682241","0"
"40684303","2"
"40684596","1"
"40684787","1"
"40688780","1"
"40693831","1"
"40696658","1"
"40696871","2"
"40698130","1"
"40703491","1"
"40707550","0"
"40731107","0"
"40742946","1"
"40747076","0"
"40748359","1"
"40749205","0"
"40749836","1"
"40752213","4"
"40753054","2"
"40756583","1"
"40758772","3"
"40759311","1"
"40759444","1"
"40763153","0"
"40763181","1"
"40770157","1"
"40771567","1"
"40775796","1"
"40779073","1"
"40782199","0"
"40793913","1"
"40800360","1"
"40812591","2"
"40817332","1"
"40827105","0"
"40827919","4"
"40829011","0"
"40829880","0"
"40829986","0"
"40832458","3"
"40833639","2"
"40865946","1"
"40870688","0"
"40873353","1"
"40874021","0"
"40876928","1"
"40880260","2"
"40894501","1"
"40896016","1"
"40901161","1"
"40905870","1"
"40913064","0"
"40915418","1"
"40915964","2"
"40922709","1"
"40924418","1"
"40933627","1"
"40941282","1"
"40944153","0"
"40945039","2"
"40950530","2"
"40956487","1"
"40960796","2"
"40977477","1"
"40979036","1"
"40983820","1"
"40984630","3"
"40984942","3"
"40993782","1"
"40995589","1"
"40996360","1"
"41001627","2"
"41007320","1"
"41007639","1"
"41007701","1"
"41008361","1"
"41013826","0"
"41018443","1"
"41021744","2"
"41023281","0"
"41025831","2"
"41036477","1"
"41039423","3"
"41041208","1"
"41050969","1"
"41057490","0"
"41061494","1"
"41062212","1"
"41062962","2"
"41066953","1"
"41068554","2"
"41069811","1"
"41079197","1"
"41079269","1"
"41080395","3"
"41084992","1"
"41085967","1"
"41088655","0"
"41093200","1"
"41093404","1"
"41098742","1"
"41102148","0"
"41102298","2"
"41106069","0"
"41107894","1"
"41108886","2"
"41113139","1"
"41114861","0"
"41119987","1"
"41120746","0"
"41127480","6"
"41153588","0"
"41158053","1"
"41161769","1"
"41165034","2"
"41180398","1"
"41183450","1"
"41185117","1"
"41187121","0"
"41189714","1"
"41216403","2"
"41218939","2"
"41227065","1"
"41228694","2"
"41233070","1"
"41233416","1"
"41243226","1"
"41248700","1"
"41251739","1"
"41256907","2"
"41271230","0"
"41273512","1"
"41273696","0"
"41274217","2"
"41274452","0"
"41286149","2"
"41289596","1"
"41292826","0"
"41303123","1"
"41309369","1"
"41311830","1"
"41326029","0"
"41327197","2"
"41337381","1"
"41338534","1"
"41349700","1"
"41357245","1"
"41358726","3"
"41362623","2"
"41363212","3"
"41363845","1"
"41364728","2"
"41367026","1"
"41370697","2"
"41371829","2"
"41374157","1"
"41375108","3"
"41380623","1"
"41390898","1"
"41392765","1"
"41397889","1"
"41401312","1"
"41402822","5"
"41408362","0"
"41408697","2"
"41418852","1"
"41420050","3"
"41424312","0"
"41425119","0"
"41431720","0"
"41432816","4"
"41432896","2"
"41434346","1"
"41437627","1"
"41448590","1"
"41452263","1"
"41453800","3"
"41458920","0"
"41459165","3"
"41464285","1"
"41464345","2"
"41466697","0"
"41468696","2"
"41477243","1"
"41478963","1"
"41479826","0"
"41484495","1"
"41485627","1"
"41489512","1"
"41490921","1"
"41497664","1"
"41502701","1"
"41508867","0"
"41524060","2"
"41527789","1"
"41533709","1"
"41538213","1"
"41543867","0"
"41548927","2"
"41554697","1"
"41555517","1"
"41562408","1"
"41567233","1"
"41568013","1"
"41572023","2"
"41573367","0"
"41581373","2"
"41590760","2"
"41591808","1"
"41604012","0"
"41613003","0"
"41614259","3"
"41614738","1"
"41615630","0"
"41626204","1"
"41626401","0"
"41629457","1"
"41631927","1"
"41633950","3"
"41639009","1"
"41641138","1"
"41642406","1"
"41654948","0"
"41658985","1"
"41662064","1"
"41668872","2"
"41672352","1"
"41673796","2"
"41674812","2"
"41675360","1"
"41675973","0"
"41678880","1"
"41679345","1"
"41680177","1"
"41686186","1"
"41690302","4"
"41699807","1"
"41702267","2"
"41709876","0"
"41713107","2"
"41716734","1"
"41717966","1"
"41718145","1"
"41722400","0"
"41723268","1"
"41729340","1"
"41734342","1"
"41734684","0"
"41735889","1"
"41736997","2"
"41740679","3"
"41749472","1"
"41753233","2"
"41753832","2"
"41754516","1"
"41758188","1"
"41768409","1"
"41769079","1"
"41775405","0"
"41780615","1"
"41781581","2"
"41784832","1"
"41793773","1"
"41797087","0"
"41797825","1"
"41797935","2"
"41806517","1"
"41807561","1"
"41811897","1"
"41825573","1"
"41827428","1"
"41827961","0"
"41831694","1"
"41832418","0"
"41832854","2"
"41850406","0"
"41854193","2"
"41854975","0"
"41855220","1"
"41862839","2"
"41864659","2"
"41869262","3"
"41880707","3"
"41881803","1"
"41882735","2"
"41890574","0"
"41892074","0"
"41904960","1"
"41905012","0"
"41907299","1"
"41910905","0"
"41910956","1"
"41911844","1"
"41918699","3"
"41920377","1"
"41920857","1"
"41925390","1"
"41939734","2"
"41939749","3"
"41939800","0"
"41945253","0"
"41952159","0"
"41954791","0"
"41972672","1"
"41974352","1"
"41974363","2"
"41976094","1"
"41982477","1"
"41987345","0"
"41988306","1"
"41989998","0"
"42002542","0"
"42003785","1"
"42014726","1"
"42014913","0"
"42016085","2"
"42020160","2"
"42021125","1"
"42022292","1"
"42026350","0"
"42027214","1"
"42031621","1"
"42032905","5"
"42033046","3"
"42038196","1"
"42041143","0"
"42047410","0"
"42057882","1"
"42058869","2"
"42060746","1"
"42067337","1"
"42081590","2"
"42086118","2"
"42087158","1"
"42098493","1"
"42102951","1"
"42106008","1"
"42108350","2"
"42108690","0"
"42111245","1"
"42116194","1"
"42120764","0"
"42121130","1"
"42126215","1"
"42132239","2"
"42133700","1"
"42134188","1"
"42138349","1"
"42141546","0"
"42145566","1"
"42148212","0"
"42148747","1"
"42149932","0"
"42151753","2"
"42153146","1"
"42153306","3"
"42153540","2"
"42156138","0"
"42162894","1"
"42163874","1"
"42164740","0"
"42164780","1"
"42164876","1"
"42165204","2"
"42167444","1"
"42168229","2"
"42168573","1"
"42170429","1"
"42173659","1"
"42173791","1"
"42175485","1"
"42179880","1"
"42180150","1"
"42183108","0"
"42191059","1"
"42192858","3"
"42196971","1"
"42199677","1"
"42200476","3"
"42202609","1"
"42203172","0"
"42207104","1"
"42209711","1"
"42210118","0"
"42215015","1"
"42215404","1"
"42219574","2"
"42222586","1"
"42223918","1"
"42250159","1"
"42251324","1"
"42259787","3"
"42261132","1"
"42266168","1"
"42275321","1"
"42275754","1"
"42281016","0"
"42287903","1"
"42289143","1"
"42297462","1"
"42298137","3"
"42300795","2"
"42302420","1"
"42302423","1"
"42302584","1"
"42303200","2"
"42308516","2"
"42313835","2"
"42315473","1"
"42317219","2"
"42325912","1"
"42326492","1"
"42328672","1"
"42338701","2"
"42347275","3"
"42347581","1"
"42348944","1"
"42350165","4"
"42350481","1"
"42352653","1"
"42360467","1"
"42362008","1"
"42362631","2"
"42364450","1"
"42367246","0"
"42368312","1"
"42371961","0"
"42372387","2"
"42372627","1"
"42377342","1"
"42395412","1"
"42395541","1"
"42398805","1"
"42404590","0"
"42406950","3"
"42410188","1"
"42413967","0"
"42421924","0"
"42426584","1"
"42426796","3"
"42440820","1"
"42443714","1"
"42448272","1"
"42456724","1"
"42459047","0"
"42462139","1"
"42465737","1"
"42471222","1"
"42473317","1"
"42477517","2"
"42486681","0"
"42490390","0"
"42499865","1"
"42505829","1"
"42506509","0"
"42508963","2"
"42509592","1"
"42512724","3"
"42518738","2"
"42520467","1"
"42523690","2"
"42527589","1"
"42529842","1"
"42531600","1"
"42531678","1"
"42532260","1"
"42532264","1"
"42533565","1"
"42537803","0"
"42538985","1"
"42543026","0"
"42545466","0"
"42545549","1"
"42547189","0"
"42555835","0"
"42557832","0"
"42558015","1"
"42570020","1"
"42575251","0"
"42583581","1"
"42597420","0"
"42597469","1"
"42598578","1"
"42599068","0"
"42599736","0"
"42606071","1"
"42609098","0"
"42613381","1"
"42619594","0"
"42619979","0"
"42623841","7"
"42625255","1"
"42631795","1"
"42636166","1"
"42642937","1"
"42647260","1"
"42649590","1"
"42658024","1"
"42658715","0"
"42664833","0"
"42666946","1"
"42668142","1"
"42673643","1"
"42676575","1"
"42677215","0"
"42683288","0"
"42683981","2"
"42686019","2"
"42686825","1"
"42690286","0"
"42692513","1"
"42696820","1"
"42701408","1"
"42708450","2"
"42709578","0"
"42712080","1"
"42715388","2"
"42725293","1"
"42726512","0"
"42731222","1"
"42735566","0"
"42736338","1"
"42740654","2"
"42740861","1"
"42748612","1"
"42748814","0"
"42753660","1"
"42755680","1"
"42758366","1"
"42760998","1"
"42763146","2"
"42764041","1"
"42764355","1"
"42766347","1"
"42770650","1"
"42780406","0"
"42781949","2"
"42788246","2"
"42788880","1"
"42801478","1"
"42802612","2"
"42803493","1"
"42805704","1"
"42809128","1"
"42809537","1"
"42823613","2"
"42830049","1"
"42830769","1"
"42836844","1"
"42840286","1"
"42841919","2"
"42843161","1"
"42848393","2"
"42848663","1"
"42851364","1"
"42853050","0"
"42858061","1"
"42863875","1"
"42864891","0"
"42868368","1"
"42869414","1"
"42877367","3"
"42883456","1"
"42886997","0"
"42893754","0"
"42899710","1"
"42902882","0"
"42907452","0"
"42907614","1"
"42910679","1"
"42912647","1"
"42916063","0"
"42919553","2"
"42920556","3"
"42922834","0"
"42927598","2"
"42939152","4"
"42941111","1"
"42947754","2"
"42948158","3"
"42950951","2"
"42954168","0"
"42954648","1"
"42956743","2"
"42957080","0"
"42965090","2"
"42966193","1"
"42967686","0"
"42971485","1"
"42975737","1"
"42976145","1"
"42979594","1"
"42982690","1"
"42987957","2"
"42988518","1"
"43001838","0"
"43003085","0"
"43012948","2"
"43021693","2"
"43028186","0"
"43029375","1"
"43029994","1"
"43034800","2"
"43042025","2"
"43042220","0"
"43054035","1"
"43056604","0"
"43059412","2"
"43081393","1"
"43090745","0"
"43091858","2"
"43096279","1"
"43101699","2"
"43115582","0"
"43117075","2"
"43133192","2"
"43134801","1"
"43139844","3"
"43142505","1"
"43144174","1"
"43146115","2"
"43151498","1"
"43155081","1"
"43163662","1"
"43166149","2"
"43170123","1"
"43170139","1"
"43171180","1"
"43172065","2"
"43173877","1"
"43174598","4"
"43176548","1"
"43178182","1"
"43185161","1"
"43185861","1"
"43189765","1"
"43190139","1"
"43199123","1"
"43202243","0"
"43204532","0"
"43205912","0"
"43217692","1"
"43218910","1"
"43220083","0"
"43223734","1"
"43224249","1"
"43226588","0"
"43231321","1"
"43236625","1"
"43248323","1"
"43249998","8"
"43253719","2"
"43259194","2"
"43264424","1"
"43265560","1"
"43268120","1"
"43269370","1"
"43277037","0"
"43287231","2"
"43301527","2"
"43304363","2"
"43310850","1"
"43315142","3"
"43319182","0"
"43321139","1"
"43323051","1"
"43325310","1"
"43326181","1"
"43331524","0"
"43332582","1"
"43345101","1"
"43350227","3"
"43355170","0"
"43358722","1"
"43363617","1"
"43364371","4"
"43374172","1"
"43374839","4"
"43385200","1"
"43387251","2"
"43391529","1"
"43400336","1"
"43406359","1"
"43423480","0"
"43426109","1"
"43430422","1"
"43436111","2"
"43437752","2"
"43439222","1"
"43446335","1"
"43451499","1"
"43453857","1"
"43454473","1"
"43462061","1"
"43469812","1"
"43471597","1"
"43475984","0"
"43477529","1"
"43477778","0"
"43480198","1"
"43485573","0"
"43488636","1"
"43491542","2"
"43497203","2"
"43501070","1"
"43501983","1"
"43502241","1"
"43502384","1"
"43509216","1"
"43513817","5"
"43523262","2"
"43523885","1"
"43535403","0"
"43539282","1"
"43543257","1"
"43555625","1"
"43560051","2"
"43561598","1"
"43564497","2"
"43565307","1"
"43565584","2"
"43567023","0"
"43575972","2"
"43578242","0"
"43578489","1"
"43581033","1"
"43581568","2"
"43581720","0"
"43590555","0"
"43593495","1"
"43601538","2"
"43601784","1"
"43603629","0"
"43611353","0"
"43616488","2"
"43618459","2"
"43627949","1"
"43631322","2"
"43634605","1"
"43647591","1"
"43648043","1"
"43648995","1"
"43649510","2"
"43657703","3"
"43657735","1"
"43660411","0"
"43661747","1"
"43664814","1"
"43677981","1"
"43680638","1"
"43682761","1"
"43683779","3"
"43686286","0"
"43686823","1"
"43690216","1"
"43695133","2"
"43701043","1"
"43702231","1"
"43705122","1"
"43707702","2"
"43714947","1"
"43717574","2"
"43733875","0"
"43735024","2"
"43739579","1"
"43749730","2"
"43751055","2"
"43764537","1"
"43765171","1"
"43765448","0"
"43767876","0"
"43772965","1"
"43783943","2"
"43783992","1"
"43786111","0"
"43791663","2"
"43807511","0"
"43810117","1"
"43812874","1"
"43814018","1"
"43817329","1"
"43817750","1"
"43818502","0"
"43818843","1"
"43822380","1"
"43833859","1"
"43844654","1"
"43864379","1"
"43871123","1"
"43872318","1"
"43876917","1"
"43882961","1"
"43882998","2"
"43883684","2"
"43886464","1"
"43887073","0"
"43889675","0"
"43889875","1"
"43891059","0"
"43898642","1"
"43898675","1"
"43900700","1"
"43907982","1"
"43910659","1"
"43912338","1"
"43914475","1"
"43916855","2"
"43917077","1"
"43922046","1"
"43922205","3"
"43930047","1"
"43931756","1"
"43937811","0"
"43948335","4"
"43955730","0"
"43958413","0"
"43960666","2"
"43960761","1"
"43966121","2"
"43967330","1"
"43973219","1"
"43973932","0"
"43978943","1"
"43979451","3"
"43988367","1"
"43992063","1"
"43998101","2"
"43999217","1"
"44004312","2"
"44005125","1"
"44033318","2"
"44033398","0"
"44033819","1"
"44037314","2"
"44037940","0"
"44046174","0"
"44047142","1"
"44049859","2"
"44054591","1"
"44058464","1"
"44058535","1"
"44059554","1"
"44062061","2"
"44065420","0"
"44072601","1"
"44080130","0"
"44081897","1"
"44083763","0"
"44088414","1"
"44090968","1"
"44096000","1"
"44097757","2"
"44099204","1"
"44101914","0"
"44104735","1"
"44106518","0"
"44116625","0"
"44120772","1"
"44130060","1"
"44131069","1"
"44131607","2"
"44131719","0"
"44133531","0"
"44135075","1"
"44144639","0"
"44160427","2"
"44161892","3"
"44162642","1"
"44162910","0"
"44165279","2"
"44172130","1"
"44174667","1"
"44182473","1"
"44182620","2"
"44184575","2"
"44185372","1"
"44187687","1"
"44188538","0"
"44196694","2"
"44201457","0"
"44201537","2"
"44201840","1"
"44202499","1"
"44202842","0"
"44204054","1"
"44205942","0"
"44216415","1"
"44216429","2"
"44222866","2"
"44223479","2"
"44234137","1"
"44239168","1"
"44248351","1"
"44249784","1"
"44255354","1"
"44256436","2"
"44261028","1"
"44269185","2"
"44269852","0"
"44279882","1"
"44292008","2"
"44299216","1"
"44302809","2"
"44303784","2"
"44307773","1"
"44310383","1"
"44310691","1"
"44314400","1"
"44319571","1"
"44323974","0"
"44326628","1"
"44335017","1"
"44336028","2"
"44340068","1"
"44346227","2"
"44349179","1"
"44352895","1"
"44356048","2"
"44360984","1"
"44361466","1"
"44365436","1"
"44376341","0"
"44382155","1"
"44385609","1"
"44385859","1"
"44386319","2"
"44405558","1"
"44407032","1"
"44407306","3"
"44407700","0"
"44411707","0"
"44416454","0"
"44416489","2"
"44417656","2"
"44419744","1"
"44422099","2"
"44423099","1"
"44426041","1"
"44429553","1"
"44430959","1"
"44436438","1"
"44446229","1"
"44446888","1"
"44446896","1"
"44448955","1"
"44452699","1"
"44456613","2"
"44458093","1"
"44460222","2"
"44461378","1"
"44468790","1"
"44479615","1"
"44483248","2"
"44495210","2"
"44510927","1"
"44511272","1"
"44512827","0"
"44526986","1"
"44527688","0"
"44542753","5"
"44547055","0"
"44559754","1"
"44562392","0"
"44565886","1"
"44568372","1"
"44570176","1"
"44570358","1"
"44586440","1"
"44596556","2"
"44598101","1"
"44598640","1"
"44613562","1"
"44615837","1"
"44618080","2"
"44620783","2"
"44635188","0"
"44642993","1"
"44646017","1"
"44650440","2"
"44651384","1"
"44651737","1"
"44653762","1"
"44657042","2"
"44667907","1"
"44670980","1"
"44673360","1"
"44687266","1"
"44687654","2"
"44693410","1"
"44693671","1"
"44693886","0"
"44694994","2"
"44697108","2"
"44697137","2"
"44697755","0"
"44705282","2"
"44707328","0"
"44709905","1"
"44713217","1"
"44716088","1"
"44719151","3"
"44719970","2"
"44726083","1"
"44731921","1"
"44733472","1"
"44742153","1"
"44742633","1"
"44751702","1"
"44760730","3"
"44763151","1"
"44782910","1"
"44802537","2"
"44804636","2"
"44805710","1"
"44808439","1"
"44822092","3"
"44837858","1"
"44838691","1"
"44844359","0"
"44844832","2"
"44847863","1"
"44853171","1"
"44855466","0"
"44856267","2"
"44857448","1"
"44864867","0"
"44867500","2"
"44870393","1"
"44878997","1"
"44882093","0"
"44887246","1"
"44888395","1"
"44893645","2"
"44899485","3"
"44914902","0"
"44916070","0"
"44919771","1"
"44925341","1"
"44933453","1"
"44938064","1"
"44941503","1"
"44946042","1"
"44950291","1"
"44950737","1"
"44959926","2"
"44967235","2"
"44967354","0"
"44968171","1"
"44971076","2"
"44972186","3"
"44973088","2"
"44973893","1"
"44976574","1"
"44980693","1"
"44982945","1"
"44991594","0"
"44995840","0"
"44996886","2"
"45001101","1"
"45006072","1"
"45007156","1"
"45011975","2"
"45012259","0"
"45013749","2"
"45015435","0"
"45018290","0"
"45018706","0"
"45019841","0"
"45020037","0"
"45020916","1"
"45023749","1"
"45024255","1"
"45024287","1"
"45029991","1"
"45035388","1"
"45039389","1"
"45039491","1"
"45045062","2"
"45053322","4"
"45066958","1"
"45074295","1"
"45075881","1"
"45081400","0"
"45085290","1"
"45087572","1"
"45088341","1"
"45104362","1"
"45110895","0"
"45121357","3"
"45129170","1"
"45142090","3"
"45144675","1"
"45144766","1"
"45155709","1"
"45161851","0"
"45165403","0"
"45174320","3"
"45191992","1"
"45192409","1"
"45214969","1"
"45215984","1"
"45221475","2"
"45225186","0"
"45230603","1"
"45230620","2"
"45235573","1"
"45240186","0"
"45251896","1"
"45273279","1"
"45280204","1"
"45281357","0"
"45285379","0"
"45290582","1"
"45297381","1"
"45307567","1"
"45315482","1"
"45315536","1"
"45315885","1"
"45321270","0"
"45332871","1"
"45338079","1"
"45339926","0"
"45341190","1"
"45350057","0"
"45350583","3"
"45352220","1"
"45352262","1"
"45358388","1"
"45361891","2"
"45362872","2"
"45362949","2"
"45367117","1"
"45368840","1"
"45369997","0"
"45370622","0"
"45371109","1"
"45373541","1"
"45378258","2"
"45382247","2"
"45383290","0"
"45385057","0"
"45387125","1"
"45390489","1"
"45390832","5"
"45396155","2"
"45401965","2"
"45410285","1"
"45411935","2"
"45412397","2"
"45431050","1"
"45436274","0"
"45440371","1"
"45442646","1"
"45443384","2"
"45445144","0"
"45452490","0"
"45461770","2"
"45475858","1"
"45482553","0"
"45485062","0"
"45495396","1"
"45497132","0"
"45498276","1"
"45501620","1"
"45511395","0"
"45512980","3"
"45514069","1"
"45515620","1"
"45518160","1"
"45528569","1"
"45529088","1"
"45533172","1"
"45538138","1"
"45545679","0"
"45547459","1"
"45551302","1"
"45560233","0"
"45565321","1"
"45567024","0"
"45570702","1"
"45578666","2"
"45585821","1"
"45589545","2"
"45598152","1"
"45601883","1"
"45603157","1"
"45608615","1"
"45612298","3"
"45619683","1"
"45623315","1"
"45626585","2"
"45644255","1"
"45645170","2"
"45647097","0"
"45659671","1"
"45660143","1"
"45664272","3"
"45669056","1"
"45670321","0"
"45670660","1"
"45689247","1"
"45704297","2"
"45709620","1"
"45713003","1"
"45713319","2"
"45725441","1"
"45727434","1"
"45737378","0"
"45755184","1"
"45755659","1"
"45756176","0"
"45758187","0"
"45758276","0"
"45761016","2"
"45764878","1"
"45766551","1"
"45767948","0"
"45768210","1"
"45768515","1"
"45768619","0"
"45773430","1"
"45786633","1"
"45787390","0"
"45788258","1"
"45788456","2"
"45796493","1"
"45806304","1"
"45808955","2"
"45811705","1"
"45818010","0"
"45819082","0"
"45823015","0"
"45823634","1"
"45824398","1"
"45827344","0"
"45837134","2"
"45840511","1"
"45840679","1"
"45845530","1"
"45848226","3"
"45848541","1"
"45849593","1"
"45849915","0"
"45855972","2"
"45860854","0"
"45869462","0"
"45874555","1"
"45876815","1"
"45881867","0"
"45882715","4"
"45882869","0"
"45890598","3"
"45891720","1"
"45894923","2"
"45896187","2"
"45909161","1"
"45910326","1"
"45911193","2"
"45915012","1"
"45917081","1"
"45922029","2"
"45922643","1"
"45931604","3"
"45939499","1"
"45950617","2"
"45950799","2"
"45953052","1"
"45964093","1"
"45969378","0"
"45969976","0"
"45970138","0"
"45971712","2"
"45980241","1"
"45982473","2"
"45987083","1"
"45987720","1"
"45998098","0"
"45999093","1"
"46008163","0"
"46008815","2"
"46010800","1"
"46012756","1"
"46023830","2"
"46024555","0"
"46027611","1"
"46035079","1"
"46035377","2"
"46036071","1"
"46039074","0"
"46039477","2"
"46040393","1"
"46044933","2"
"46050717","1"
"46050732","1"
"46053343","2"
"46055146","3"
"46063905","2"
"46073516","1"
"46074784","1"
"46080682","1"
"46082349","2"
"46083712","0"
"46089979","1"
"46094116","1"
"46098995","0"
"46110635","1"
"46116908","0"
"46118378","1"
"46133271","2"
"46133864","1"
"46136135","1"
"46138598","0"
"46138751","1"
"46140693","1"
"46141556","1"
"46146031","1"
"46146892","0"
"46147041","0"
"46152018","1"
"46152269","0"
"46152708","1"
"46153430","0"
"46159034","0"
"46176132","1"
"46177954","2"
"46178245","1"
"46182713","1"
"46183178","1"
"46184012","2"
"46184815","0"
"46193648","0"
"46193649","2"
"46196890","1"
"46200348","1"
"46201838","1"
"46206669","0"
"46207908","1"
"46208999","1"
"46209374","1"
"46212171","1"
"46219167","1"
"46223582","2"
"46223839","0"
"46225225","2"
"46225327","0"
"46232125","1"
"46233495","0"
"46246573","0"
"46259309","0"
"46262232","1"
"46266941","2"
"46268851","1"
"46271139","2"
"46276647","1"
"46278748","1"
"46279121","1"
"46281075","1"
"46282926","1"
"46284480","1"
"46284908","1"
"46292632","1"
"46309226","2"
"46312900","0"
"46315163","0"
"46316158","1"
"46323505","2"
"46324178","1"
"46324331","1"
"46330210","0"
"46332023","0"
"46347868","0"
"46353150","1"
"46356723","1"
"46358013","5"
"46361245","1"
"46362229","1"
"46362489","1"
"46363280","1"
"46363692","1"
"46366600","1"
"46370666","1"
"46373742","1"
"46384634","1"
"46385072","1"
"46388762","1"
"46390522","1"
"46393715","0"
"46393904","1"
"46395174","1"
"46405685","0"
"46406394","0"
"46406398","1"
"46412370","1"
"46413156","1"
"46415078","2"
"46415193","2"
"46417724","0"
"46421210","1"
"46422967","3"
"46437612","1"
"46438154","1"
"46443531","1"
"46449381","2"
"46452133","1"
"46452416","1"
"46465775","2"
"46477803","0"
"46479829","0"
"46485957","0"
"46488969","2"
"46493505","2"
"46495530","1"
"46501503","0"
"46502224","3"
"46503881","1"
"46514099","1"
"46519657","1"
"46525212","0"
"46526439","0"
"46531377","1"
"46532454","1"
"46534228","1"
"46535264","1"
"46537215","1"
"46538192","1"
"46540789","2"
"46542970","0"
"46550195","1"
"46558216","1"
"46561685","1"
"46568147","1"
"46569053","1"
"46570791","1"
"46576204","2"
"46580045","2"
"46596684","1"
"46602206","0"
"46620542","0"
"46621303","1"
"46624350","1"
"46625049","1"
"46627045","3"
"46628466","1"
"46629983","1"
"46631090","0"
"46635782","1"
"46636078","1"
"46637945","2"
"46638392","1"
"46640905","1"
"46646250","1"
"46647989","1"
"46657735","0"
"46660322","2"
"46668771","2"
"46672514","0"
"46678937","2"
"46687512","1"
"46689571","1"
"46693430","2"
"46695469","1"
"46695851","4"
"46701163","0"
"46701923","2"
"46704174","1"
"46711107","2"
"46722367","1"
"46725533","1"
"46726545","3"
"46727157","1"
"46728797","2"
"46729750","1"
"46736605","1"
"46737802","2"
"46740406","1"
"46744371","1"
"46747615","1"
"46752657","1"
"46754498","1"
"46760047","1"
"46769220","2"
"46772049","1"
"46782662","1"
"46785958","0"
"46786715","2"
"46788274","1"
"46790145","0"
"46799851","0"
"46816540","1"
"46817269","1"
"46819133","1"
"46819389","1"
"46828542","0"
"46836340","0"
"46840706","2"
"46841086","1"
"46846361","1"
"46846973","1"
"46850665","2"
"46850937","2"
"46853328","1"
"46857587","1"
"46864556","1"
"46867344","1"
"46880348","0"
"46882166","0"
"46890642","1"
"46898517","1"
"46901786","0"
"46902348","2"
"46913194","1"
"46915044","0"
"46935918","1"
"46942525","0"
"46942844","1"
"46943850","1"
"46945443","2"
"46950132","1"
"46951844","4"
"46953935","1"
"46971455","1"
"46971788","2"
"46972373","1"
"46982531","1"
"46982649","1"
"46984264","1"
"46986355","2"
"46988680","1"
"46989194","1"
"46991186","2"
"46994584","1"
"47003643","1"
"47015148","1"
"47015825","2"
"47022396","1"
"47023405","1"
"47025159","1"
"47027922","1"
"47032197","1"
"47035056","1"
"47040256","1"
"47040681","1"
"47041712","2"
"47044542","0"
"47046792","1"
"47048298","2"
"47051214","2"
"47061270","1"
"47064993","3"
"47076002","1"
"47081576","0"
"47083269","2"
"47083781","2"
"47087697","1"
"47092983","1"
"47093717","1"
"47111354","0"
"47112718","1"
"47115005","2"
"47116248","2"
"47117110","1"
"47117535","2"
"47126994","2"
"47128524","1"
"47134437","0"
"47136909","1"
"47142043","3"
"47142165","0"
"47144765","0"
"47146932","0"
"47155806","1"
"47164386","1"
"47164948","1"
"47172690","1"
"47176096","4"
"47182606","0"
"47186952","1"
"47188788","1"
"47193832","1"
"47196000","1"
"47196587","1"
"47206693","1"
"47207420","2"
"47209205","1"
"47210081","0"
"47217205","1"
"47218854","2"
"47219488","0"
"47232212","1"
"47245063","0"
"47245968","1"
"47248649","2"
"47250971","1"
"47252634","1"
"47258956","2"
"47262481","0"
"47264569","2"
"47265657","1"
"47285012","0"
"47288048","2"
"47297399","2"
"47298148","1"
"47306204","0"
"47309956","0"
"47316749","1"
"47317582","0"
"47317605","1"
"47319914","1"
"47325706","1"
"47327868","1"
"47336346","2"
"47341745","1"
"47349992","1"
"47362993","1"
"47364192","0"
"47367411","0"
"47367596","1"
"47378519","0"
"47378977","2"
"47381083","1"
"47381612","0"
"47389440","2"
"47393618","1"
"47399530","1"
"47399738","2"
"47402161","0"
"47402267","1"
"47406065","0"
"47409994","1"
"47424190","0"
"47431143","1"
"47434915","0"
"47438868","1"
"47439658","0"
"47441725","1"
"47453287","0"
"47454055","1"
"47458285","1"
"47459424","1"
"47466262","0"
"47473479","1"
"47478731","1"
"47482758","1"
"47487102","0"
"47489313","1"
"47499535","1"
"47505171","1"
"47505538","2"
"47509842","1"
"47513331","1"
"47516485","2"
"47523572","0"
"47524230","1"
"47527718","1"
"47536168","2"
"47543342","1"
"47549732","0"
"47550008","0"
"47552345","1"
"47558265","1"
"47570253","1"
"47573357","1"
"47576722","2"
"47585726","1"
"47589812","1"
"47599335","1"
"47599889","2"
"47603397","0"
"47603549","2"
"47608584","0"
"47613430","1"
"47631105","0"
"47631631","0"
"47641491","1"
"47643166","1"
"47645051","1"
"47647338","1"
"47648110","1"
"47656572","1"
"47660519","2"
"47663294","0"
"47667344","3"
"47670150","0"
"47672118","3"
"47672432","1"
"47673795","1"
"47679068","1"
"47689591","3"
"47691350","1"
"47694792","1"
"47704243","0"
"47704668","0"
"47712102","1"
"47714209","3"
"47714928","1"
"47715924","1"
"47718268","1"
"47724393","1"
"47733670","2"
"47741649","2"
"47743761","1"
"47752579","1"
"47756370","1"
"47757850","2"
"47762423","1"
"47769822","3"
"47772003","0"
"47778474","0"
"47789667","2"
"47794146","1"
"47795950","0"
"47799151","0"
"47803798","1"
"47809251","2"
"47834752","1"
"47834802","0"
"47847170","0"
"47851446","1"
"47854395","0"
"47857473","1"
"47858328","1"
"47860968","1"
"47863207","1"
"47866118","1"
"47866377","1"
"47867867","1"
"47871602","1"
"47877886","1"
"47882466","1"
"47882483","1"
"47888503","1"
"47891104","2"
"47892105","0"
"47909181","2"
"47914252","1"
"47917005","0"
"47917733","1"
"47926478","0"
"47936906","0"
"47941408","0"
"47947139","1"
"47947297","1"
"47948561","5"
"47953464","0"
"47953480","1"
"47958041","1"
"47960548","0"
"47964529","1"
"47965452","1"
"47968895","1"
"47977504","0"
"47984754","0"
"47986348","1"
"47991382","1"
"47995210","1"
"48008276","1"
"48009227","1"
"48013801","1"
"48015552","1"
"48024747","1"
"48025621","2"
"48025790","1"
"48026464","1"
"48027617","1"
"48034121","0"
"48035779","2"
"48039099","2"
"48039173","3"
"48045751","1"
"48048017","0"
"48053399","1"
"48068192","2"
"48074652","0"
"48093278","0"
"48094412","1"
"48095788","1"
"48099610","0"
"48101456","0"
"48113948","1"
"48121370","1"
"48125634","2"
"48132414","1"
"48133255","1"
"48133892","1"
"48135389","1"
"48144699","3"
"48149937","0"
"48162009","0"
"48162715","2"
"48163467","0"
"48164688","1"
"48172238","1"
"48174805","0"
"48176209","0"
"48181513","1"
"48188827","2"
"48189048","2"
"48189288","2"
"48196656","2"
"48203623","0"
"48203634","2"
"48205351","1"
"48207379","1"
"48208429","3"
"48208723","0"
"48214505","1"
"48215264","1"
"48216921","0"
"48219302","1"
"48226184","1"
"48231659","2"
"48236195","0"
"48250869","2"
"48252068","1"
"48271081","2"
"48271187","2"
"48272418","2"
"48280670","1"
"48281184","1"
"48281319","5"
"48281899","0"
"48286289","1"
"48289841","1"
"48301100","1"
"48314621","1"
"48315177","1"
"48318032","0"
"48327865","0"
"48333062","1"
"48345922","1"
"48346263","1"
"48350162","1"
"48354203","1"
"48370811","1"
"48373885","0"
"48375415","2"
"48378681","2"
"48383974","1"
"48389074","1"
"48398531","0"
"48403073","2"
"48410369","1"
"48414685","1"
"48415284","2"
"48420602","1"
"48422721","1"
"48428351","1"
"48430224","1"
"48433089","1"
"48436880","1"
"48437433","1"
"48439029","2"
"48439881","1"
"48440992","0"
"48442744","3"
"48444201","1"
"48450747","0"
"48454173","1"
"48464399","0"
"48465507","3"
"48469352","0"
"48474143","1"
"48477832","1"
"48499911","0"
"48510410","1"
"48511148","2"
"48511632","0"
"48515385","1"
"48526609","2"
"48526793","1"
"48536685","1"
"48537668","2"
"48537913","0"
"48548843","1"
"48568417","1"
"48572381","1"
"48586958","1"
"48593430","1"
"48594299","1"
"48596679","0"
"48602251","1"
"48606167","1"
"48608254","1"
"48615741","1"
"48618926","2"
"48619609","0"
"48624538","0"
"48628018","1"
"48632051","0"
"48632497","2"
"48633048","1"
"48637188","4"
"48638959","1"
"48646340","1"
"48649044","1"
"48650581","2"
"48657994","0"
"48663466","0"
"48664739","1"
"48664921","1"
"48665532","1"
"48673427","2"
"48674130","1"
"48676907","0"
"48677569","0"
"48678805","0"
"48684859","1"
"48685854","2"
"48689829","2"
"48699639","0"
"48700401","1"
"48712973","2"
"48719334","3"
"48725400","0"
"48726275","1"
"48735382","1"
"48735426","3"
"48737964","1"
"48751514","1"
"48755970","1"
"48756556","1"
"48770572","0"
"48770650","2"
"48776913","0"
"48777347","0"
"48777564","2"
"48778092","0"
"48778802","1"
"48780990","1"
"48782980","3"
"48784828","2"
"48785032","1"
"48792256","1"
"48793128","0"
"48801128","0"
"48817111","1"
"48819317","1"
"48822494","4"
"48825688","0"
"48825943","2"
"48830571","1"
"48835037","1"
"48837303","0"
"48845580","1"
"48849582","1"
"48855287","1"
"48861132","0"
"48863263","1"
"48864128","1"
"48866070","1"
"48868055","2"
"48869460","0"
"48870171","1"
"48885534","1"
"48886805","1"
"48886992","1"
"48901852","1"
"48911421","1"
"48915950","1"
"48915983","2"
"48924868","1"
"48926289","0"
"48940401","1"
"48952070","0"
"48958304","2"
"48972115","1"
"48974370","2"
"48979045","1"
"48984989","2"
"48985494","0"
"48994056","1"
"48997526","1"
"49002904","2"
"49003363","1"
"49008825","0"
"49009799","0"
"49010050","1"
"49016037","3"
"49016704","0"
"49022765","2"
"49024330","0"
"49025755","2"
"49033888","1"
"49035494","1"
"49044159","1"
"49057693","1"
"49058030","1"
"49058089","1"
"49074929","0"
"49077088","1"
"49079541","2"
"49089037","2"
"49096387","0"
"49099670","2"
"49101739","1"
"49102775","2"
"49109592","3"
"49120459","0"
"49125992","2"
"49126230","0"
"49129097","1"
"49131172","1"
"49138770","2"
"49143894","1"
"49152207","2"
"49152913","1"
"49154466","0"
"49164907","1"
"49181970","1"
"49186237","1"
"49187004","1"
"49189367","1"
"49191002","1"
"49201377","1"
"49216840","1"
"49218347","1"
"49221666","0"
"49222933","1"
"49226755","3"
"49227441","1"
"49228647","0"
"49228671","1"
"49232027","1"
"49233122","1"
"49235160","1"
"49235661","1"
"49235685","0"
"49236533","1"
"49239640","2"
"49241546","1"
"49247397","0"
"49249297","0"
"49253359","1"
"49259980","1"
"49262958","1"
"49269579","1"
"49270501","1"
"49273247","1"
"49277696","0"
"49282558","2"
"49285261","1"
"49297583","1"
"49307530","3"
"49313611","2"
"49320942","2"
"49328090","1"
"49329517","1"
"49330827","1"
"49343814","1"
"49344119","1"
"49347327","1"
"49349435","2"
"49352715","1"
"49363652","1"
"49369188","1"
"49373256","1"
"49374828","2"
"49393324","2"
"49393976","1"
"49395545","1"
"49401811","1"
"49406074","1"
"49411194","1"
"49416257","1"
"49417829","1"
"49422975","0"
"49427566","0"
"49428490","1"
"49435812","2"
"49443741","1"
"49447378","2"
"49447431","2"
"49448469","1"
"49452976","2"
"49458610","1"
"49459478","1"
"49465692","1"
"49472218","1"
"49474297","1"
"49478650","2"
"49490993","1"
"49491656","1"
"49494559","0"
"49501092","1"
"49505502","2"
"49525957","0"
"49531090","2"
"49531784","1"
"49538858","1"
"49543320","1"
"49543649","0"
"49544982","1"
"49548116","1"
"49556623","2"
"49565603","2"
"49567154","1"
"49571511","1"
"49573852","1"
"49585900","2"
"49588938","1"
"49589918","0"
"49589957","1"
"49594800","3"
"49599174","1"
"49602514","0"
"49612734","2"
"49631889","2"
"49632337","2"
"49634521","1"
"49641278","0"
"49643788","1"
"49648174","1"
"49659992","1"
"49672363","1"
"49681196","3"
"49708718","1"
"49717005","1"
"49729914","0"
"49738391","0"
"49746063","0"
"49751722","0"
"49751811","1"
"49753433","2"
"49754702","1"
"49760792","1"
"49771801","1"
"49773100","1"
"49776264","1"
"49780633","0"
"49783482","0"
"49787454","1"
"49793213","1"
"49796268","0"
"49799443","1"
"49808059","0"
"49822498","0"
"49832208","0"
"49836787","2"
"49839272","1"
"49845006","1"
"49848815","1"
"49850326","1"
"49861722","0"
"49871636","1"
"49874648","1"
"49879392","1"
"49881332","0"
"49889256","0"
"49890668","0"
"49895431","1"
"49898524","1"
"49902698","0"
"49909783","1"
"49917039","1"
"49920742","1"
"49925357","0"
"49926042","2"
"49934189","1"
"49943478","1"
"49945972","1"
"49948771","1"
"49951036","1"
"49962470","1"
"49964569","1"
"49964827","1"
"49976707","0"
"49981694","1"
"49982508","1"
"49985604","1"
"49997926","1"
"50000878","1"
"50024567","1"
"50026203","1"
"50033078","0"
"50034795","1"
"50044228","2"
"50049113","1"
"50051456","1"
"50070487","2"
"50073145","0"
"50081655","1"
"50093797","0"
"50097014","2"
"50097310","1"
"50101401","1"
"50110774","0"
"50113646","2"
"50117509","1"
"50128227","1"
"50130325","1"
"50134449","0"
"50141233","1"
"50141641","1"
"50149603","2"
"50151146","1"
"50161434","0"
"50165147","0"
"50167746","1"
"50169242","1"
"50175291","1"
"50181881","1"
"50187234","1"
"50187352","1"
"50190834","1"
"50192125","2"
"50192908","0"
"50194743","1"
"50198929","1"
"50199871","0"
"50204844","1"
"50211217","1"
"50216386","0"
"50220148","1"
"50223373","0"
"50226541","2"
"50230308","0"
"50234201","1"
"50234862","1"
"50234912","0"
"50239759","1"
"50240486","0"
"50242203","0"
"50246118","1"
"50253649","1"
"50262334","1"
"50262783","1"
"50263638","0"
"50264564","1"
"50265299","0"
"50273789","1"
"50274660","0"
"50283130","1"
"50286277","1"
"50286710","0"
"50288223","1"
"50293374","1"
"50298389","3"
"50301177","0"
"50305960","2"
"50315832","1"
"50321301","1"
"50321510","1"
"50326156","0"
"50326216","1"
"50330823","1"
"50332284","1"
"50335278","3"
"50335762","0"
"50336216","1"
"50340712","1"
"50341659","2"
"50347502","0"
"50348337","1"
"50351349","1"
"50354393","0"
"50356737","1"
"50372465","0"
"50379186","0"
"50387772","1"
"50395135","2"
"50409591","1"
"50410946","2"
"50416132","1"
"50418009","0"
"50422173","1"
"50424876","0"
"50432413","1"
"50434195","1"
"50436435","2"
"50438763","0"
"50439744","1"
"50442596","2"
"50451372","1"
"50459292","1"
"50485730","0"
"50492963","0"
"50493054","1"
"50493967","0"
"50496658","0"
"50497533","0"
"50497832","0"
"50498885","1"
"50504160","2"
"50505907","0"
"50507726","2"
"50508258","1"
"50511255","1"
"50514843","1"
"50521675","1"
"50530089","1"
"50535925","3"
"50536583","0"
"50537901","0"
"50538729","2"
"50548162","1"
"50555256","2"
"50557492","4"
"50559070","1"
"50560513","1"
"50562807","0"
"50567986","0"
"50571058","1"
"50576477","1"
"50579293","1"
"50583558","1"
"50587786","1"
"50590642","0"
"50593420","1"
"50594248","1"
"50597870","2"
"50608620","0"
"50610962","0"
"50611187","0"
"50612436","0"
"50614451","0"
"50615211","0"
"50615622","0"
"50616670","1"
"50623583","2"
"50624733","0"
"50629890","1"
"50631421","1"
"50635484","1"
"50644831","1"
"50645740","0"
"50648605","0"
"50654128","1"
"50654760","1"
"50658092","0"
"50658094","1"
"50665239","1"
"50665413","1"
"50678506","2"
"50679652","1"
"50679709","0"
"50699309","0"
"50700906","1"
"50701933","4"
"50709293","0"
"50709495","2"
"50712196","2"
"50717172","2"
"50719685","0"
"50720097","1"
"50725060","1"
"50726695","1"
"50735546","1"
"50739363","5"
"50743910","1"
"50745480","0"
"50749968","2"
"50750501","2"
"50756812","1"
"50764818","1"
"50766041","1"
"50766972","1"
"50767941","3"
"50769040","0"
"50775348","1"
"50776588","1"
"50786291","1"
"50786916","1"
"50791259","1"
"50791306","1"
"50793525","0"
"50801091","1"
"50812256","1"
"50815041","0"
"50818297","1"
"50820635","0"
"50821679","0"
"50822517","1"
"50835401","2"
"50836701","0"
"50839750","0"
"50849576","0"
"50856304","1"
"50858782","1"
"50869310","1"
"50876453","0"
"50877334","1"
"50882436","1"
"50883222","0"
"50883332","1"
"50890086","2"
"50891436","2"
"50892197","2"
"50893309","2"
"50899662","1"
"50899807","0"
"50914606","1"
"50918802","1"
"50924076","2"
"50928898","1"
"50931592","1"
"50932719","1"
"50933122","1"
"50933479","0"
"50938255","2"
"50940672","2"
"50941497","0"
"50942679","1"
"50950829","1"
"50953516","0"
"50954927","1"
"50955544","0"
"50959262","1"
"50969541","0"
"50987195","0"
"50989367","3"
"51011409","1"
"51020480","1"
"51021693","1"
"51034420","1"
"51035019","2"
"51039580","0"
"51040621","1"
"51046330","0"
"51047771","1"
"51048190","0"
"51048989","1"
"51064741","1"
"51076369","1"
"51082984","1"
"51086168","0"
"51091240","1"
"51094696","1"
"51099884","1"
"51100638","0"
"51102984","1"
"51107471","1"
"51110728","1"
"51113040","1"
"51116760","0"
"51119457","1"
"51124497","0"
"51127271","0"
"51129314","1"
"51129951","1"
"51131222","1"
"51135082","1"
"51137519","0"
"51140947","1"
"51147288","2"
"51151142","0"
"51151220","0"
"51157429","0"
"51158134","0"
"51158314","2"
"51160189","1"
"51160278","1"
"51161226","2"
"51178106","1"
"51181224","1"
"51184935","0"
"51186235","1"
"51190695","1"
"51192194","1"
"51194126","1"
"51201565","1"
"51206396","0"
"51206671","2"
"51207646","1"
"51219203","1"
"51227326","1"
"51228193","2"
"51230916","1"
"51233585","3"
"51235968","1"
"51239858","2"
"51241057","2"
"51249867","1"
"51250274","1"
"51255322","1"
"51259929","1"
"51263255","1"
"51266225","1"
"51270938","0"
"51272241","0"
"51275520","0"
"51275603","1"
"51276004","1"
"51279762","2"
"51283460","0"
"51283974","0"
"51286467","2"
"51289691","2"
"51295133","1"
"51298538","1"
"51299236","0"
"51299530","1"
"51310334","0"
"51332252","1"
"51340126","0"
"51342780","1"
"51346879","1"
"51348560","1"
"51350187","1"
"51351942","2"
"51352973","1"
"51354185","2"
"51368337","1"
"51371034","1"
"51373287","0"
"51373660","1"
"51376783","2"
"51378910","2"
"51380117","0"
"51388009","1"
"51388336","1"
"51388609","1"
"51391779","1"
"51395906","1"
"51397075","0"
"51399280","1"
"51400835","0"
"51403144","1"
"51404007","1"
"51406114","1"
"51406405","0"
"51411157","1"
"51416347","1"
"51420377","1"
"51430236","0"
"51437855","0"
"51440672","0"
"51448882","2"
"51449219","1"
"51464456","3"
"51464971","1"
"51466674","1"
"51466766","2"
"51469481","1"
"51474645","1"
"51482696","0"
"51484454","1"
"51485078","0"
"51486432","1"
"51489637","1"
"51490167","2"
"51495598","1"
"51501078","1"
"51503789","0"
"51508183","0"
"51513963","1"
"51514380","1"
"51515462","0"
"51520811","0"
"51526727","0"
"51531021","6"
"51535968","1"
"51538622","1"
"51543356","1"
"51549605","1"
"51550123","1"
"51552706","3"
"51558380","2"
"51561155","1"
"51561855","2"
"51571078","1"
"51573361","1"
"51581808","1"
"51582810","1"
"51584831","1"
"51587776","0"
"51589748","0"
"51591983","1"
"51592247","2"
"51594729","1"
"51597285","1"
"51599899","0"
"51610717","1"
"51619075","1"
"51619643","1"
"51629246","1"
"51632767","1"
"51634833","1"
"51636722","1"
"51636804","1"
"51638493","1"
"51642264","1"
"51649436","0"
"51654283","1"
"51671164","1"
"51671724","1"
"51672996","1"
"51675282","2"
"51677937","1"
"51682044","0"
"51684393","1"
"51690833","1"
"51696360","2"
"51704996","2"
"51709766","1"
"51710634","2"
"51722110","1"
"51727411","1"
"51729504","0"
"51730895","1"
"51732435","6"
"51736887","1"
"51741144","1"
"51754239","0"
"51756461","1"
"51757647","0"
"51760297","1"
"51763990","0"
"51766313","2"
"51767414","1"
"51768020","1"
"51768524","0"
"51776277","1"
"51782005","2"
"51783629","1"
"51784157","0"
"51785345","0"
"51786187","1"
"51797244","1"
"51808090","1"
"51811958","1"
"51825295","1"
"51831065","1"
"51833293","1"
"51835358","1"
"51839341","1"
"51857085","1"
"51862211","1"
"51868406","1"
"51871430","2"
"51876427","2"
"51880156","0"
"51880634","0"
"51884156","4"
"51886470","1"
"51890443","1"
"51892452","1"
"51892784","0"
"51898057","1"
"51899428","1"
"51908451","1"
"51909877","1"
"51919968","1"
"51928560","1"
"51937753","1"
"51941067","1"
"51941509","3"
"51943443","1"
"51943598","0"
"51948533","1"
"51950197","0"
"51956204","0"
"51959623","1"
"51961684","2"
"51965904","3"
"51968602","1"
"51969117","1"
"51973432","0"
"51987782","0"
"51990471","1"
"51990962","1"
"51996672","1"
"52000755","1"
"52002188","0"
"52003175","1"
"52008115","2"
"52008225","1"
"52016229","1"
"52019589","1"
"52020899","1"
"52021210","0"
"52030155","1"
"52034002","1"
"52038172","1"
"52040769","0"
"52042194","0"
"52044231","0"
"52052565","1"
"52055075","2"
"52059469","0"
"52059867","1"
"52061961","0"
"52062423","2"
"52062487","1"
"52070538","1"
"52071420","2"
"52078762","1"
"52081185","1"
"52081243","1"
"52103989","2"
"52108439","1"
"52114950","0"
"52123425","1"
"52124394","1"
"52128507","1"
"52128578","1"
"52128979","3"
"52129451","1"
"52129790","1"
"52132606","1"
"52134712","2"
"52138913","1"
"52148021","0"
"52152010","1"
"52162804","0"
"52163985","1"
"52168441","0"
"52169694","1"
"52172374","1"
"52174073","0"
"52174714","0"
"52175031","2"
"52176933","1"
"52183634","0"
"52186726","1"
"52198732","1"
"52202232","1"
"52209970","1"
"52214433","1"
"52218974","2"
"52219022","1"
"52219898","0"
"52222829","0"
"52223526","1"
"52224818","1"
"52227955","1"
"52232104","0"
"52232466","1"
"52234823","1"
"52236189","1"
"52242632","1"
"52244732","0"
"52248974","0"
"52252553","1"
"52261050","0"
"52261338","1"
"52262483","2"
"52265551","0"
"52269401","2"
"52289766","3"
"52290809","2"
"52292090","0"
"52292841","1"
"52298295","1"
"52303717","3"
"52309258","2"
"52309605","1"
"52310235","1"
"52312586","1"
"52313737","1"
"52315942","1"
"52323578","1"
"52361673","1"
"52376582","2"
"52378118","1"
"52383295","0"
"52385099","1"
"52388366","1"
"52399755","1"
"52404661","0"
"52406728","1"
"52418049","1"
"52419688","1"
"52419832","0"
"52431090","1"
"52435371","1"
"52437487","1"
"52442405","1"
"52452063","0"
"52452871","3"
"52459446","1"
"52463315","1"
"52463971","1"
"52469180","0"
"52474250","2"
"52476652","0"
"52478725","1"
"52484383","1"
"52486889","2"
"52489213","1"
"52498672","1"
"52506432","1"
"52514369","1"
"52514469","2"
"52519420","1"
"52521341","2"
"52522635","1"
"52523367","1"
"52524663","1"
"52530887","2"
"52535252","1"
"52540103","1"
"52544571","2"
"52561729","1"
"52580754","2"
"52585206","0"
"52587187","1"
"52597944","1"
"52600024","1"
"52604983","1"
"52606443","1"
"52607535","1"
"52616634","1"
"52617635","2"
"52628780","1"
"52629989","1"
"52630377","3"
"52632922","1"
"52635639","1"
"52636165","0"
"52638416","0"
"52644956","1"
"52648023","3"
"52664903","1"
"52665314","0"
"52669427","2"
"52675959","1"
"52677899","1"
"52683480","1"
"52687380","1"
"52690346","0"
"52690388","0"
"52700155","3"
"52703148","0"
"52704154","1"
"52705771","1"
"52706279","1"
"52708035","1"
"52710229","1"
"52712750","1"
"52731437","1"
"52740680","2"
"52740857","2"
"52752752","0"
"52760445","0"
"52764932","2"
"52765784","1"
"52771549","1"
"52772754","1"
"52774107","0"
"52775003","2"
"52776030","1"
"52778033","0"
"52784971","1"
"52785410","2"
"52787667","1"
"52790787","0"
"52791983","1"
"52798697","1"
"52808889","0"
"52809137","1"
"52810348","0"
"52810816","0"
"52812936","1"
"52814134","1"
"52815483","2"
"52821383","1"
"52827665","1"
"52828735","1"
"52835728","0"
"52839223","1"
"52854815","1"
"52856001","0"
"52863209","1"
"52867778","1"
"52874826","0"
"52882974","0"
"52888825","3"
"52889356","1"
"52895720","0"
"52896963","3"
"52899210","1"
"52902173","1"
"52908682","1"
"52914086","0"
"52917508","1"
"52925701","0"
"52927037","1"
"52936577","0"
"52950064","0"
"52950112","1"
"52953938","1"
"52956318","1"
"52979457","3"
"52980950","1"
"52981818","2"
"52983874","1"
"52988746","1"
"52988841","2"
"52989658","0"
"52992808","1"
"52993514","2"
"52996120","0"
"53008710","0"
"53010493","1"
"53014235","1"
"53014451","1"
"53020260","1"
"53027795","2"
"53037331","0"
"53038838","0"
"53043510","1"
"53044482","0"
"53045225","1"
"53050055","0"
"53051754","2"
"53053176","1"
"53071071","1"
"53075354","1"
"53075809","2"
"53082518","2"
"53087514","0"
"53089864","1"
"53101194","1"
"53107394","0"
"53109368","0"
"53109691","2"
"53115228","1"
"53119227","0"
"53128098","2"
"53132967","0"
"53148157","1"
"53150090","2"
"53151640","1"
"53157533","2"
"53159126","1"
"53173397","1"
"53174281","1"
"53188581","1"
"53188671","2"
"53189951","1"
"53191606","1"
"53191942","1"
"53197159","1"
"53198391","1"
"53200384","1"
"53206016","0"
"53210452","2"
"53216651","4"
"53223505","0"
"53229641","0"
"53236814","1"
"53242461","1"
"53245507","1"
"53245884","1"
"53252270","1"
"53269745","1"
"53272959","1"
"53275478","1"
"53276392","1"
"53278185","0"
"53285120","2"
"53287463","3"
"53293105","1"
"53294744","0"
"53297465","1"
"53299083","1"
"53318544","1"
"53320891","0"
"53322606","1"
"53323409","1"
"53326277","1"
"53332860","1"
"53339784","1"
"53350168","1"
"53351867","1"
"53356513","0"
"53366063","0"
"53369397","1"
"53370254","2"
"53372518","1"
"53376405","2"
"53381513","0"
"53384737","0"
"53397634","1"
"53398162","1"
"53403569","1"
"53412539","0"
"53418819","1"
"53434030","4"
"53445438","2"
"53451437","1"
"53457705","1"
"53467687","4"
"53476274","1"
"53477082","1"
"53479386","0"
"53480674","0"
"53486921","1"
"53490568","2"
"53491506","1"
"53491630","3"
"53494792","1"
"53495713","2"
"53496171","1"
"53499944","1"
"53500997","0"
"53502006","1"
"53505584","1"
"53509244","1"
"53519936","1"
"53522112","0"
"53522441","2"
"53525692","0"
"53532953","1"
"53534132","2"
"53546186","1"
"53548858","2"
"53555168","1"
"53559530","0"
"53565211","2"
"53572033","1"
"53579778","1"
"53589627","2"
"53593050","0"
"53594969","1"
"53597561","0"
"53597939","1"
"53598046","0"
"53601337","0"
"53604893","2"
"53610892","0"
"53612675","2"
"53617780","1"
"53623285","0"
"53625425","1"
"53630210","1"
"53635341","0"
"53637965","0"
"53639467","0"
"53640372","1"
"53642965","0"
"53643603","2"
"53651591","1"
"53654798","1"
"53665085","1"
"53666393","0"
"53668005","0"
"53674114","2"
"53680050","0"
"53682385","1"
"53691971","0"
"53694382","5"
"53695009","1"
"53701211","1"
"53708944","0"
"53711853","0"
"53718903","0"
"53722857","1"
"53725159","2"
"53728802","1"
"53740103","0"
"53752392","0"
"53760081","2"
"53767857","1"
"53768626","1"
"53769490","2"
"53770764","2"
"53781054","0"
"53781662","1"
"53787418","0"
"53788432","1"
"53800612","1"
"53805421","1"
"53811619","1"
"53817595","2"
"53821725","1"
"53829142","1"
"53834748","3"
"53842381","2"
"53843864","2"
"53848697","1"
"53848776","1"
"53852222","1"
"53854037","2"
"53863889","1"
"53870791","1"
"53873961","1"
"53875404","1"
"53879182","1"
"53881635","3"
"53883606","1"
"53889365","1"
"53893621","1"
"53896169","1"
"53909901","1"
"53910054","0"
"53920267","1"
"53942156","1"
"53950903","1"
"53969606","1"
"53972400","1"
"53975429","0"
"53978740","0"
"53981523","0"
"53982522","0"
"53982873","1"
"53983079","1"
"53983672","1"
"53986111","2"
"53995113","1"
"54005518","0"
"54009101","1"
"54017129","1"
"54024172","0"
"54024763","1"
"54026845","0"
"54037629","1"
"54045782","0"
"54049072","0"
"54059794","1"
"54086812","2"
"54089115","1"
"54092625","1"
"54096026","2"
"54097415","0"
"54105465","1"
"54107888","1"
"54117283","0"
"54117949","0"
"54119144","1"
"54122869","1"
"54124399","0"
"54137018","2"
"54138836","2"
"54143361","3"
"54143421","1"
"54148277","0"
"54151605","1"
"54160622","1"
"54163634","0"
"54172455","2"
"54193730","1"
"54197003","0"
"54198299","1"
"54207584","2"
"54209816","1"
"54216562","0"
"54217728","0"
"54219757","0"
"54223457","1"
"54230945","0"
"54233672","1"
"54236409","1"
"54244145","1"
"54246748","0"
"54254311","0"
"54254554","1"
"54259545","0"
"54263206","0"
"54266431","1"
"54266605","1"
"54269808","3"
"54271306","1"
"54280740","1"
"54288225","0"
"54290457","0"
"54290697","0"
"54292890","1"
"54295034","1"
"54299220","0"
"54315103","1"
"54316903","1"
"54328768","2"
"54328840","0"
"54329369","0"
"54339922","0"
"54342554","1"
"54344529","1"
"54345972","0"
"54347614","0"
"54357915","2"
"54384075","0"
"54385702","2"
"54407424","1"
"54411491","0"
"54413558","1"
"54416451","1"
"54416769","2"
"54421694","0"
"54425033","0"
"54425176","1"
"54431028","2"
"54431039","1"
"54438747","1"
"54440172","0"
"54442083","1"
"54442786","1"
"54447990","1"
"54449587","3"
"54451074","1"
"54453345","0"
"54459236","1"
"54463852","0"
"54463854","0"
"54464684","0"
"54467978","1"
"54485378","1"
"54489018","1"
"54493149","1"
"54495539","1"
"54501388","1"
"54505465","1"
"54511385","4"
"54511976","0"
"54518384","0"
"54520270","0"
"54527642","1"
"54534349","0"
"54539079","1"
"54541668","2"
"54548296","2"
"54551115","1"
"54557073","1"
"54566841","1"
"54567451","1"
"54569861","1"
"54571398","2"
"54574797","0"
"54582391","1"
"54592554","0"
"54597495","2"
"54611147","3"
"54613348","1"
"54614633","0"
"54627864","2"
"54646297","2"
"54648952","1"
"54654194","0"
"54661783","1"
"54665904","1"
"54676717","2"
"54677948","2"
"54682034","1"
"54684466","1"
"54688790","1"
"54689655","1"
"54697471","1"
"54697997","2"
"54700428","1"
"54707783","0"
"54708567","0"
"54714721","1"
"54717862","2"
"54725207","1"
"54731086","2"
"54743745","1"
"54746335","0"
"54747544","1"
"54762952","1"
"54767185","1"
"54782481","0"
"54783462","1"
"54784141","0"
"54794801","0"
"54796666","0"
"54804191","1"
"54813319","0"
"54820668","0"
"54824251","1"
"54830535","2"
"54839376","1"
"54840966","0"
"54852072","1"
"54854357","1"
"54864320","3"
"54866316","1"
"54866458","1"
"54871699","0"
"54873400","1"
"54886073","1"
"54896169","1"
"54897015","0"
"54902614","1"
"54905660","0"
"54907803","1"
"54914769","1"
"54923864","0"
"54924854","0"
"54934408","0"
"54949337","1"
"54951600","1"
"54951887","2"
"54955292","0"
"54965180","1"
"54968103","1"
"54977129","2"
"54981451","2"
"54985109","0"
"54988730","1"
"54991477","0"
"54993669","1"
"55002963","0"
"55006075","0"
"55006122","1"
"55006948","0"
"55010163","1"
"55012258","0"
"55013398","0"
"55013464","1"
"55014363","0"
"55016393","0"
"55018477","0"
"55031058","0"
"55034633","1"
"55038345","2"
"55038866","1"
"55040187","1"
"55042225","0"
"55044460","0"
"55044577","1"
"55046705","1"
"55047579","0"
"55047947","1"
"55049270","1"
"55059743","0"
"55062897","1"
"55066289","1"
"55080419","2"
"55089890","0"
"55091917","1"
"55096978","1"
"55097678","1"
"55100189","0"
"55100832","2"
"55102371","0"
"55102542","1"
"55105705","2"
"55107166","1"
"55118142","1"
"55125922","1"
"55126683","1"
"55128133","0"
"55128233","1"
"55130954","1"
"55132931","1"
"55135441","1"
"55140920","0"
"55152609","0"
"55170952","0"
"55177713","0"
"55179156","1"
"55179971","0"
"55184962","2"
"55185996","1"
"55189884","1"
"55197887","0"
"55201791","2"
"55211522","1"
"55216692","1"
"55217777","3"
"55219597","0"
"55219718","1"
"55224337","1"
"55225676","3"
"55225968","2"
"55229909","0"
"55242778","1"
"55253035","0"
"55261283","2"
"55263930","1"
"55264792","1"
"55267038","1"
"55271048","1"
"55278977","1"
"55280642","1"
"55289016","1"
"55298178","1"
"55298459","0"
"55302418","1"
"55314302","1"
"55318760","1"
"55323118","0"
"55326419","1"
"55338890","0"
"55348132","2"
"55353756","0"
"55361421","1"
"55361976","2"
"55365924","1"
"55369980","2"
"55370186","1"
"55372050","1"
"55372191","0"
"55372369","0"
"55372390","1"
"55373523","1"
"55374369","1"
"55383876","1"
"55387508","0"
"55387610","0"
"55389643","2"
"55398307","0"
"55402323","1"
"55403747","1"
"55405442","1"
"55419225","0"
"55421232","1"
"55422486","1"
"55422664","3"
"55432322","1"
"55446183","1"
"55447250","1"
"55457902","2"
"55458541","2"
"55459510","0"
"55466281","2"
"55468649","1"
"55469285","0"
"55481343","0"
"55484990","1"
"55485425","1"
"55491411","1"
"55493667","0"
"55494317","1"
"55496908","1"
"55502358","1"
"55508148","1"
"55510071","0"
"55512808","1"
"55517115","2"
"55523440","1"
"55529964","1"
"55533670","0"
"55537891","1"
"55549291","0"
"55560849","0"
"55565976","2"
"55576561","1"
"55598532","1"
"55601109","1"
"55601840","0"
"55602157","1"
"55606009","0"
"55610548","1"
"55627732","1"
"55629234","2"
"55630138","1"
"55632803","0"
"55637789","2"
"55646438","2"
"55646657","1"
"55658678","1"
"55659819","2"
"55661183","1"
"55667111","2"
"55673260","2"
"55683802","1"
"55693874","0"
"55695202","1"
"55707650","1"
"55707692","0"
"55712104","0"
"55713257","1"
"55720399","0"
"55725100","0"
"55726989","3"
"55730313","0"
"55737034","1"
"55742457","1"
"55747517","1"
"55752704","0"
"55769855","0"
"55774295","0"
"55775781","1"
"55778304","1"
"55785603","1"
"55809577","1"
"55813033","0"
"55814752","1"
"55815676","0"
"55817396","2"
"55825965","1"
"55826023","0"
"55831514","3"
"55834999","1"
"55836052","2"
"55837996","1"
"55838427","1"
"55844342","1"
"55864522","1"
"55867506","1"
"55870020","1"
"55880293","2"
"55904041","0"
"55915506","0"
"55918758","1"
"55919012","3"
"55960891","1"
"55961138","1"
"55963615","1"
"55969395","2"
"55974550","1"
"56002613","2"
"56008055","1"
"56010627","1"
"56012468","1"
"56016727","2"
"56027607","2"
"56031408","1"
"56038399","1"
"56059758","0"
"56085720","1"
"56089485","1"
"56099883","1"
"56119721","0"
"56133344","1"
"56143844","1"
"56146149","2"
"56152823","2"
"56153380","1"
"56166508","0"
"56172746","1"
"56178707","2"
"56182100","0"
"56192126","1"
"56207665","1"
"56208389","0"
"56208569","1"
"56215251","1"
"56216057","0"
"56222772","1"
"56228476","1"
"56229390","1"
"56236736","1"
"56250154","3"
"56252683","3"
"56255401","1"
"56266290","1"
"56269470","1"
"56273049","1"
"56273796","1"
"56275058","0"
"56280894","1"
"56281987","1"
"56282587","2"
"56286934","1"
"56296134","1"
"56300806","1"
"56301866","0"
"56310371","0"
"56311849","1"
"56312238","1"
"56319868","1"
"56323045","0"
"56324057","0"
"56330531","0"
"56333358","1"
"56333887","1"
"56337250","1"
"56337291","1"
"56337304","0"
"56337486","0"
"56338973","0"
"56339342","0"
"56339951","1"
"56367570","1"
"56371398","0"
"56375147","0"
"56385102","0"
"56389476","1"
"56405814","1"
"56407964","0"
"56416716","2"
"56428078","1"
"56428549","0"
"56432214","0"
"56454566","1"
"56465807","1"
"56467150","1"
"56472248","2"
"56486292","2"
"56492199","0"
"56496713","0"
"56504951","0"
"56508945","1"
"56509351","1"
"56510212","1"
"56516977","2"
"56521137","0"
"56523093","1"
"56527343","1"
"56534116","1"
"56537572","2"
"56539552","0"
"56549967","0"
"56554948","1"
"56572140","1"
"56576220","0"
"56578013","1"
"56578405","1"
"56581799","1"
"56582304","0"
"56587397","0"
"56587810","0"
"56594746","2"
"56595990","1"
"56599936","2"
"56610042","1"
"56610896","2"
"56618653","1"
"56620189","1"
"56621046","1"
"56657798","1"
"56663719","1"
"56669719","1"
"56670222","1"
"56685003","1"
"56686281","1"
"56690022","0"
"56694288","2"
"56698371","0"
"56699041","1"
"56706086","1"
"56708485","1"
"56710676","1"
"56717747","2"
"56720308","1"
"56722410","2"
"56727364","0"
"56743970","2"
"56758398","0"
"56766264","1"
"56776302","1"
"56782301","1"
"56785941","1"
"56793084","1"
"56793565","1"
"56797780","1"
"56798814","1"
"56801828","0"
"56805094","1"
"56810787","1"
"56823788","1"
"56826860","1"
"56827663","1"
"56827902","2"
"56840293","0"
"56843356","1"
"56844155","0"
"56844402","1"
"56851220","1"
"56865636","0"
"56876808","2"
"56878230","0"
"56882372","2"
"56903167","1"
"56904411","1"
"56914470","1"
"56919015","0"
"56920293","0"
"56926231","1"
"56931558","0"
"56932651","2"
"56941480","1"
"56942752","1"
"56944670","1"
"56951901","0"
"56953908","1"
"56957238","1"
"56960325","1"
"56962503","1"
"56972873","1"
"56973925","1"
"56977987","0"
"56978048","1"
"56992989","1"
"57001785","1"
"57018976","1"
"57021325","1"
"57025355","1"
"57028324","1"
"57039282","1"
"57059289","0"
"57066542","0"
"57069055","3"
"57070510","1"
"57084498","0"
"57089329","1"
"57089743","0"
"57090527","1"
"57090774","1"
"57098504","0"
"57098543","0"
"57100851","1"
"57104423","1"
"57106471","0"
"57109692","1"
"57109896","1"
"57112100","1"
"57134845","0"
"57139447","1"
"57157775","0"
"57162032","1"
"57163173","1"
"57164490","2"
"57170474","0"
"57184300","0"
"57185433","0"
"57202881","1"
"57208750","0"
"57226162","1"
"57242004","1"
"57244411","1"
"57250342","1"
"57253282","3"
"57257490","1"
"57266324","5"
"57269405","1"
"57269842","1"
"57286946","1"
"57288485","1"
"57290890","0"
"57291133","2"
"57296394","1"
"57308348","0"
"57309574","1"
"57310383","0"
"57312178","1"
"57320740","1"
"57324676","1"
"57327305","1"
"57339272","1"
"57361382","0"
"57369393","1"
"57379134","1"
"57379625","0"
"57382238","1"
"57382721","0"
"57382978","1"
"57389142","1"
"57389908","1"
"57399812","1"
"57412493","1"
"57460252","1"
"57463316","0"
"57475121","1"
"57482511","1"
"57483095","1"
"57494207","2"
"57498935","0"
"57511710","0"
"57524222","1"
"57524788","1"
"57534374","2"
"57543713","1"
"57545767","1"
"57546008","0"
"57561670","2"
"57564956","1"
"57571048","1"
"57574224","1"
"57579326","1"
"57582226","2"
"57587034","0"
"57590782","0"
"57597230","1"
"57601732","1"
"57602986","0"
"57611068","1"
"57634297","1"
"57636912","1"
"57649968","0"
"57658555","1"
"57668204","1"
"57668289","1"
"57668541","1"
"57675429","1"
"57698902","0"
"57699820","1"
"57703800","2"
"57711564","0"
"57725072","2"
"57726839","0"
"57731159","0"
"57738412","0"
"57741264","1"
"57741300","0"